25034	33664
29223	31237
24673	36895
25866	37326
25008	38599
29561	32843
24768	35752
25365	32656
26403	34058
26779	34368
26620	31630
27144	37237
21048	37095
27737	35692
29648	37117
26899	33179
27299	34648
29719	33761
24654	33414
26051	38439
28581	30872
23776	33928
27895	32692
25502	36309
29392	34175
29462	31853
23756	35286
22295	32963
29246	34630
26574	32544
23297	33842
23928	36197
23552	37872
21126	35161
25213	32016
24462	36990
29433	30127
23481	33286
23649	36340
29211	32938
21670	38905
27145	36626
27066	37517
24666	32043
21654	36279
26634	37298
23175	36520
26662	32076
24261	37901
21553	33372
26125	31759
22979	36104
23458	30807
21771	31187
26392	35359
23346	36974
26447	36898
22051	30062
21391	31422
28791	30969
28494	32666
26221	35890
22795	35129
21022	31431
22053	30700
26506	36661
29841	38065
29601	31573
27986	35908
26364	35094
28865	31639
21367	34143
27015	33596
26715	37549
25002	33321
27878	38891
21734	35822
26637	31071
22798	38023
21144	31910
21302	36767
21925	36006
21316	30671
28587	31564
29315	31106
27637	33243
21482	36236
28469	33428
27618	37860
25305	31549
28520	31890
23775	30220
23226	36880
27279	37621
26440	32665
28489	37678
22059	33203
25085	31818
28990	35953
21894	31595
27513	36896
27638	30612
25349	35242
25079	31958
23808	38066
21459	30089
23355	38018
27477	36256
26719	32602
26937	33795
21320	38944
22181	34680
26698	30180
28207	30459
26196	30987
22734	38867
28957	35408
22370	36644
21996	34145
23625	30678
29735	33677
25449	34897
27167	35428
26803	37530
29400	32968
24735	38351
22137	30020
29498	34969
29291	35531
28103	31041
29136	35892
24036	34377
24235	38357
27801	29935
23061	35458
21017	38959
26026	31932
28672	34763
27589	35877
25323	32062
21584	32469
26381	31085
26591	33496
27660	33954
28286	33966
29112	33169
22267	31142
28344	31988
26596	35394
28268	30957
21522	31566
26070	36509
23846	38292
25152	35630
26820	35131
25793	37180
22175	38478
25262	30300
25260	38338
25609	34211
29886	36801
28614	31876
28154	38801
28849	29973
22020	32685
21188	37106
21947	33524
23118	32594
21777	37844
25480	33709
21944	34302
27276	36310
23889	31582
21212	37146
24393	34442
28189	36428
22811	34919
22117	35720
23858	37572
21828	35321
21789	33613
25195	33837
26554	30896
25959	34868
25190	31897
28044	31862
21049	33343
27217	38153
25094	38432
28848	37019
27919	32501
27030	30134
28437	37496
24789	35678
25556	34417
22576	33492
29809	31197
25968	30627
24128	31218
21456	33751
26873	37551
27154	36011
26076	34010
24287	37468
21747	36007
29571	34138
24432	37173
29457	36127
21923	32019
22835	33982
22163	32466
24496	30436
21531	35470
25421	37256
21362	37703
29003	30579
21534	35814
29257	36665
28484	33681
29116	37370
23248	31962
29525	36963
23769	32891
29351	31546
22894	38664
25779	32791
23201	37343
21496	38055
29608	33425
23780	37380
23530	33087
28531	35436
27907	32644
21269	36204
27296	36993
23205	33211
24827	32399
23273	31053
25536	38323
23736	31419
26586	30217
27186	32281
21183	31544
26233	32442
28262	30882
22419	35001
25333	36660
21893	34029
21140	36117
21206	37008
21110	30455
26756	34433
21168	38332
21134	36317
22275	37921
27661	34118
23810	34259
22183	35425
24337	33129
27222	32577
28390	37776
28261	38561
28710	30511
28768	35704
28246	32173
28770	36336
27581	33702
28045	31066
27742	34682
27421	35932
21603	34253
22881	30817
28751	34526
28869	36764
23735	38075
25126	31416
29794	38176
29793	32717
23939	32856
26342	36658
21061	34703
23609	31103
26030	35526
26215	35257
22673	36914
27937	35351
25219	38650
26547	34418
21274	35454
29661	32627
25794	31362
26713	31176
21001	36213
28952	35467
23048	37971
25475	35976
26684	37758
29445	33325
29567	35045
27731	30742
26958	35379
29418	38711
23319	30002
22890	35949
25009	34490
27016	37564
29688	35683
26799	33498
29594	29968
29819	32635
25873	38661
27680	36567
23914	30565
29475	30485
26000	33794
28131	31584
25271	37072
27107	32346
29287	30615
23820	36720
26275	35785
23721	31861
25127	37057
28168	35046
29444	32649
27776	35650
26678	35983
24112	35742
21688	30261
29210	33399
27121	34997
23709	35389
29737	36221
27006	38425
22886	37724
23903	33505
24044	37336
23074	35188
24396	32650
24410	32780
24008	32331
23471	36998
22537	37395
22535	35065
22340	38702
23324	37558
29553	34188
23084	30873
26266	37037
27234	37701
23106	36198
27505	32186
25764	38050
22736	31917
29344	36222
29023	34643
29769	34759
27705	34102
22829	34678
25173	32740
21346	38778
21075	30662
27419	37585
23415	30629
25560	34911
21433	36883
27439	32111
24811	34683
28141	36816
22083	38878
27595	35862
22283	38898
29489	35528
26755	34546
29542	30723
27161	29954
27230	31159
24841	35872
25714	37267
29486	36713
21967	30521
27128	33513
26248	30236
28590	30178
26380	36821
23036	37903
23342	35309
25510	32372
28008	32826
27082	36734
29557	33276
29233	36323
24202	35928
25889	32751
21335	34250
21142	31925
21571	33607
21024	32447
24501	36906
21869	37774
29377	37505
22509	34326
24904	29965
27710	34164
23710	38016
26134	38539
22989	35053
29015	33866
21691	38163
27444	31183
29576	30128
29510	34067
22454	30229
25155	33158
27012	33173
24369	34886
26378	33877
24914	32844
21613	34116
22022	35791
25429	30409
23039	38356
28674	32227
29190	36400
28567	37596
25757	34405
21808	30304
29804	35226
28787	33806
26693	34747
26460	30069
24440	38350
23802	35353
25320	36432
24782	35297
23383	37329
26936	37110
22882	31449
28641	33980
27615	33220
28199	35231
27548	36731
25744	38206
28699	35029
26857	31383
29049	30153
28506	35816
28842	34866
27038	34572
21755	33486
27467	36039
22252	34169
28606	33863
24043	35222
28809	37133
24842	31855
24626	38568
24987	35122
23757	36950
23167	38846
28685	33366
29267	32520
29106	30141
22841	37258
22491	35904
23171	32731
27318	33250
28823	31314
25282	33122
23783	35760
27457	38883
24980	33554
27784	38611
25061	30361
28002	31937
29458	37709
24596	36524
21935	31234
27051	38674
24113	35194
29604	36776
27269	32634
29139	37816
22259	33292
28241	35076
28230	34221
27991	33625
29347	33254
27540	37879
22274	30875
28511	36729
25063	35544
29499	36532
28184	30732
21055	30238
29363	31984
26272	37061
28254	37501
24677	33127
25283	34289
29577	30143
25442	30163
22035	33797
28107	34924
29485	38771
22442	36748
22663	33274
21443	36650
26204	36179
24371	32981
29026	32063
24965	37802
28373	31684
27692	32725
23374	35463
27547	31032
29762	34498
25473	38097
24776	33390
29005	33777
23932	38445
29837	37389
27790	30118
27400	38205
22577	34478
21903	31073
27898	35716
21910	35525
22098	36144
26632	36859
24749	30926
28480	35533
21985	37801
22554	33976
28805	31766
26579	38390
22042	34034
24550	30285
23231	30988
27189	32606
27868	31145
24059	31539
25574	32715
28139	35072
28657	36206
23177	34154
22701	30654
24082	36342
24382	31161
25205	38579
26877	38726
25637	30591
26243	36536
21740	30773
26443	33845
25097	31975
25225	32612
28828	33123
28365	34646
21185	34298
29718	31838
22846	33874
27406	31674
25751	38080
23443	38645
28331	30895
25138	36847
22147	34006
26811	38910
21418	36139
21795	32818
28477	37315
23996	34528
28941	36864
21551	35447
29089	30515
26896	33302
22516	35763
23280	31999
23636	30329
24368	35561
24990	36949
25803	33572
22508	30633
28431	34258
22513	37824
26154	35832
22409	36921
23842	30154
22479	31723
22539	30646
24426	36357
24315	30979
26610	36813
28379	31593
23219	33306
22328	35558
22766	31330
25224	37064
24618	34162
27529	36956
23831	36401
23557	31342
22308	30552
26027	31224
25424	38355
24783	30339
23925	31655
27519	34950
28421	31820
24617	34510
24819	34447
24487	32839
28174	33033
28260	30171
29455	36765
22337	36151
24179	31734
21837	35361
29443	34842
21911	32189
27151	32772
22101	33142
21214	32159
21293	34422
27363	36060
27034	32006
21697	37985
21116	32099
28313	32932
22662	31028
29869	37615
26981	37940
22883	30594
27962	32688
29142	33584
23536	33567
29327	31148
29524	32585
28267	33825
24903	38106
27316	36092
29064	35709
23010	32296
23521	33938
27633	33350
27789	30534
29805	33271
26853	31276
26979	38369
21847	35035
28886	33277
22604	35318
28945	32960
28798	37547
25459	36457
25588	31687
27745	37214
22776	34440
29777	33811
21673	38185
26971	35655
26646	33403
28439	31871
25694	34673
28538	34487
26723	36395
25427	31130
29082	36237
25116	36539
24958	34135
22009	38798
29273	31030
28460	31231
23947	32870
28451	32921
27043	30716
27830	30019
25228	37998
23037	31816
21826	38209
22200	37863
27330	35925
29068	35946
24982	34901
27200	36756
28092	31619
21127	30785
23318	33723
22996	35214
23334	38852
29634	38893
28073	34301
28658	35527
22801	33057
24495	37102
22129	30656
29412	38071
29055	36940
27263	36858
29766	37595
25931	35003
26972	38255
29729	37151
23930	36856
28509	34173
22112	35724
23741	37951
23282	32005
22606	33707
24269	35109
29531	37244
27619	33528
28471	34389
24276	34640
29614	31436
23695	37461
27046	34540
27998	29971
24817	30580
29879	34660
27715	31111
23644	33687
28997	38108
24636	38404
26710	38373
22006	35403
21234	34802
29830	31296
27781	33279
29304	32586
26420	30955
24098	38342
24072	35434
22937	32437
24023	38509
23052	38051
25952	30845
26213	35889
23489	31888
23253	32739
23366	35497
21247	36325
22680	33009
25776	33987
26760	30047
23968	36411
21252	36997
26956	34297
24228	37960
24103	37754
26483	35993
25348	35173
21757	35840
23794	38642
25420	38777
22807	32360
23755	34824
27927	30825
29389	36632
27497	31119
21877	34445
24633	36507
27716	30174
29845	34694
29796	38916
28009	37647
29482	35896
21438	32075
27728	36833
29249	35548
29310	30270
29832	32950
25381	38689
25880	37118
29149	30151
24721	38118
27851	30799
23446	31263
24436	38935
25245	33827
27372	36254
28084	36397
26557	35027
26194	29928
27624	36383
25615	35060
26918	30377
24784	38554
23329	34819
25781	35091
25374	31497
25897	31840
22672	37559
24947	30666
24852	37300
21827	35881
29478	32155
23807	32007
28754	32184
22815	38345
24505	30995
21056	34227
26254	37134
22541	36975
25306	36755
24781	33255
21430	34913
24640	38918
27768	36837
23745	30809
29835	38873
26891	33188
23371	30681
21015	33097
23116	37371
24041	35338
28301	37905
27859	35104
23984	34292
28838	33860
23983	32056
22677	30827
26017	36461
27604	33110
25125	32193
26915	35335
28116	34861
22729	33024
28943	34857
27391	32419
29806	35857
25068	35015
23199	38758
24675	37515
23257	37027
22060	31769
27924	36681
27964	38956
25450	30549
27816	29922
28643	35883
21769	37700
25677	31210
22986	33855
24696	38451
23770	32334
25942	34623
23323	36087
24392	34086
25616	34998
24999	37782
25503	33667
26323	37367
27178	38793
23778	31390
21730	38422
22671	36051
27110	36562
22730	30582
28684	30296
23024	34283
27086	35769
22127	31575
27586	36231
26614	33375
26023	32449
26405	31084
24627	33791
23782	31123
23214	29936
27950	37196
27489	37346
24543	33019
25378	35843
21943	37420
22559	31096
25979	33418
27309	36476
24513	36936
27323	38412
27024	37562
26854	34391
28233	34160
21859	34597
23479	38001
23285	30101
22173	34898
27490	38593
22075	30800
28077	30838
28914	35902
29866	36093
25758	31457
27020	37405
26721	36240
29194	38692
24791	30522
29268	31963
25850	36882
21094	36027
25376	32012
26676	33214
22746	34650
23014	31463
28738	31302
22047	33340
23291	31230
21712	31828
25723	37081
25804	31037
28182	38084
24525	38859
28769	38327
21776	37402
26212	34983
27879	33210
27104	35990
21351	31607
27813	32162
22716	29981
29850	30758
21736	31885
29110	37602
24158	29893
29204	32035
22358	36759
25501	34744
27329	38672
22821	36846
29748	33684
25049	35829
25937	31118
21875	37060
26828	36676
24804	30599
27567	35659
25312	35429
29148	30015
24160	33619
27180	37918
29497	38302
26677	35310
29552	36447
23611	32070
21411	31250
26983	33355
29664	32209
27119	33007
28470	30299
27242	38300
24486	34226
28052	34262
26338	33738
21464	36718
29435	35996
26551	33618
25927	35000
29222	32893
24482	38353
27559	33917
22169	33365
27934	30731
29584	32278
27652	30227
27809	36891
27887	31904
23866	38058
21455	35870
23915	31809
28523	32169
27827	34641
23751	33967
24643	33564
25090	33893
21895	36196
24859	37962
27225	36180
22363	36435
25678	33030
21823	30771
26736	34238
26089	32964
26067	33269
27541	30642
25362	32003
27588	32709
24250	32074
22783	31756
25726	30242
22980	32582
28743	38481
28263	36416
28495	36994
29165	32591
29028	38725
25732	38069
27577	35080
27163	38133
25704	30310
26181	33217
24557	33301
29032	38615
28266	38743
29263	38326
24950	35218
29365	32302
21345	35304
26829	35336
25668	36775
27688	37749
23129	34101
25419	33894
24620	34923
22063	32365
23766	37047
24544	30530
29261	34041
26455	30626
27892	34480
28187	33257
21155	38377
21743	37044
29517	34723
21699	38410
27730	35697
26648	31048
21453	34216
23759	31526
28104	36575
25660	38459
27933	36496
22251	38217
27819	38218
25324	34755
23490	33923
27420	38335
25437	32871
24694	31078
27778	37002
22578	35861
25286	35844
25645	32973
23971	38216
22044	30541
29675	32245
29317	36938
23367	33823
22505	36313
29740	31126
27671	37601
27822	31015
24370	34042
25566	31696
29095	36495
26740	35377
29060	30289
21955	32559
29437	31927
27087	33283
25864	36878
28797	38780
28452	34077
26534	37777
28347	36971
28251	30203
23440	37719
22333	36913
27632	37833
24203	33999
21072	38399
29451	31964
23033	32114
24193	32801
21270	33112
28415	32977
23978	36639
24772	30206
28135	37885
27574	30028
27435	36802
28195	34879
22342	31002
21012	35324
25311	37052
22946	37902
21705	30115
28164	33959
27102	36648
28329	36805
23633	35570
22628	38295
27270	35738
29242	38144
25896	38680
24140	36578
21928	31456
29705	34305
25815	34827
21726	32195
28717	30066
26287	31886
23275	32899
22378	30434
23746	36315
29849	34317
26656	36298
23090	35965
21881	35281
24364	38607
26590	31518
28696	30772
29406	34576
26256	30468
21813	37525
27948	33551
22080	36522
29030	36045
24373	31306
23532	36047
25832	35831
22263	34525
21739	30952
25579	30638
27573	33098
28169	37148
22355	36480
21044	33391
24166	34625
28549	38564
22410	31859
26630	37512
26575	31850
28654	33568
24792	37397
23584	37415
29044	36385
27518	32436
26839	35556
27342	36698
23025	37164
24579	37996
28774	38868
27591	34039
22510	30689
28479	32987
28521	30149
29732	31454
23312	33600
29739	31870
29325	36331
24578	32552
26944	31385
25499	31003
28004	36466
25203	37926
27717	37213
27366	33296
28935	32232
22427	34265
24004	36473
21324	32700
26691	33145
29027	30484
21920	38297
23840	32506
24385	36996
26741	36498
24856	31673
25842	34183
25811	35691
22878	37832
29539	30575
27551	35032
28647	31613
27614	32257
21463	30820
29596	31102
22634	30683
22089	38558
29147	38488
28631	33909
24862	33185
21158	30996
26525	32652
25359	30104
29070	36471
26580	33454
27571	38442
21637	38122
27732	31169
25888	32347
25486	35812
22978	31202
27224	31082
21665	33885
22391	35264
26743	35288
27062	31403
26193	31009
25294	35114
27985	37641
21186	34845
24165	38225
23748	36966
21530	37969
29410	35563
29495	31337
21832	30438
23376	33530
28617	32492
29792	38744
26301	35721
26480	37462
27640	33331
27608	31536
28876	36064
26333	34069
22036	31532
21703	31788
23182	30065
26376	30373
28780	37184
23908	36768
21322	31873
23405	34610
21256	34789
22924	30613
24911	36641
27146	32250
26802	38942
29270	33249
28120	33077
21231	34358
29816	34474
24705	34604
26371	37121
21087	31313
23105	38391
24745	36679
26214	34158
27212	38035
22486	36106
23158	35287
29151	31031
28423	32955
24793	37509
28214	37710
23135	33064
27528	36760
26382	31624
22992	30997
21077	32541
27111	29899
24604	31574
24195	33598
21700	37747
21193	30803
29284	38516
28841	34958
21555	38135
24560	30839
29414	29976
21037	33760
28652	30294
29667	33358
23883	36405
22264	34056
28032	37588
25416	32315
25121	29967
22735	33994
25392	38455
22922	36322
25292	32083
26933	35971
22704	36591
22755	34132
26624	32625
26347	33376
21080	34979
25095	30451
25108	30603
28552	30688
26832	35331
22852	34057
28525	33091
27871	30165
26298	32648
21337	35755
24201	37327
29415	35280
21275	32129
29320	32640
26351	31911
27696	31685
29703	32097
21357	33095
21601	34192
21053	38130
25728	34068
21132	32737
27563	29889
26259	33448
27393	38168
25891	38761
26738	31637
28055	38156
26658	30424
29212	38228
29507	31154
24610	30137
21356	33793
29844	38006
28790	38403
29311	35560
29297	36187
27885	32286
25530	33932
24644	35254
26095	34936
26152	36305
29624	29910
22341	36799
28278	30464
22993	33558
25928	37262
29187	30631
23066	38734
27166	37779
29300	30543
24724	32959
22227	31316
27367	32840
26318	31503
22560	37001
25456	34063
23890	37068
29461	35423
21120	35797
24722	35699
23534	31667
26824	32736
22515	32039
23631	32956
21462	33477
24794	33606
22180	37835
21784	35922
23760	31341
21680	37663
28605	36138
24185	34863
28772	34050
26758	31817
21319	32146
27893	33433
22096	35196
27662	33159
21794	30883
29581	34588
26993	37231
21843	37485
27651	37933
25346	30426
21652	32838
21686	38872
28681	32708
22160	33047
24137	31417
28960	34203
27227	30624
21267	30315
24190	34667
29063	33096
26977	36274
23727	30452
21674	33162
26344	38015
25073	30188
26340	34547
24256	30446
27721	33754
24992	34113
29302	35135
24623	34386
25956	37169
26515	31405
24568	37208
23508	32108
22481	34328
23851	33533
28094	37043
21450	33659
28082	31193
24498	36763
24586	31608
21074	30378
23202	38869
22125	30651
21781	33202
22404	31432
26929	32444
22714	32672
29076	29957
28204	38235
21968	37967
24136	32024
23295	37107
29685	32962
24503	37264
27344	34136
29073	31902
26783	36853
27971	37325
25909	34865
29348	32603
21912	36420
21521	38553
23465	30328
26328	31814
23934	37498
21318	38381
26421	35594
27045	34579
26999	31679
23734	35476
24613	35850
27746	35300
24773	30210
21526	31227
28193	31945
28450	34601
28065	38497
25638	38654
21748	31605
22279	36410
22764	33238
24244	37652
25604	33020
21596	35421
27232	37094
25671	35412
27025	37852
25098	33789
24731	35209
29188	34775
21956	32248
26566	35062
28995	31186
25939	34933
22076	32453
25316	34435
29783	32174
26276	38149
27236	31239
25750	31874
25313	37834
24110	34687
24608	31059
26807	33048
24428	34992
24641	37293
28741	33953
27798	35620
21702	35262
26142	30950
26938	32978
27543	34966
27748	35041
27137	33763
26754	31602
27402	35924
24469	37578
27899	32376
22738	30488
26178	38423
24969	31319
24536	38440
23215	34032
23409	36999
21992	30336
22148	30929
29383	35637
27902	31836
27808	33752
29731	32550
23263	36686
22732	31976
26834	29984
25331	32905
25602	30059
26600	32944
25865	29991
26762	34009
23528	30148
22994	36042
26269	31045
28161	30182
24699	34007
25018	38789
26970	30286
24375	32412
28783	37721
24931	37016
28478	33121
21804	35010
21973	36745
25581	37050
21641	31846
24282	37765
24716	36800
27218	36793
24407	34900
27482	31398
23030	32660
28224	35422
22186	34108
22786	38822
26063	32748
22303	33529
25248	38330
21032	31241
24138	36531
26236	37032
29711	36409
27268	36371
22001	30898
28332	36065
24039	36818
24886	32971
21153	38437
24872	33870
23075	34591
27356	31437
24511	36131
25522	32854
23945	37729
28843	31992
26541	37956
27570	36494
26482	34117
24719	36585
29623	34948
22991	31577
22468	32104
25389	33483
23173	36018
23098	37366
26540	36010
21961	37166
28111	35827
29522	31334
22198	33052
25910	34115
22923	35879
25200	32009
27690	31300
28714	34473
25621	38817
25191	30855
24942	35150
21952	33711
24663	37947
21716	31710
25963	35710
22884	32224
23936	37994
28915	32361
28197	36618
22240	35754
26685	32465
23830	35572
27315	37828
27870	38669
24638	35802
21372	35074
22870	33017
22436	34003
23011	34176
23937	32783
27799	38756
27552	35672
28025	36382
29680	36572
25904	32321
26073	37289
27488	38077
24661	32355
26209	33444
27949	36228
21683	32752
27535	30023
21663	31994
28018	32768
26875	38770
21484	31578
24442	34603
28158	35314
22139	34937
27597	31892
24243	33740
24299	31310
28063	37352
27663	32848
29554	32263
29140	30190
21104	37887
23675	38476
27004	35937
26869	32743
29491	35367
23744	36195
26366	33871
26825	34712
21371	33307
29152	30939
23525	31209
21969	33636
23229	36307
27430	32508
27000	38367
24829	38587
23472	36646
22191	30087
23563	30287
23384	37923
29606	32720
26244	38073
25540	37553
25557	38618
29244	37355
28669	35851
23238	35111
29456	37584
27875	33706
28942	34005
21488	33344
28374	34214
22207	38500
21852	34343
21579	31598
28435	32896
27974	34959
25444	37111
24537	33046
22765	31749
28291	30368
29018	36356
25635	32322
26660	34532
23095	36904
22642	31969
25558	32562
23388	31576
21373	34657
29001	36040
25469	31406
29301	36071
28357	33357
22165	30801
24915	35391
24154	31537
27695	32477
22973	30061
29520	33332
26790	37856
21767	36338
26109	32219
28345	30366
29292	34917
21831	30348
23180	37399
22189	31124
21182	32816
21655	30808
23642	30778
24222	34876
23449	35504
22926	36707
23303	31044
24146	34434
21638	34002
22976	33722
23364	33897
29877	37662
23034	35322
25399	30961
22193	33511
26084	30592
21313	35159
23264	32144
27035	35845
25847	38198
28627	38529
27274	36063
26747	30556
28688	33205
25545	32943
24880	30475
25249	35750
29141	33864
26264	31973
22187	36377
26533	34736
21508	37945
21339	31264
21742	30550
24450	32165
25571	35424
28272	34663
26104	35183
25981	31914
23096	33329
23979	35735
22837	34212
28201	29956
24298	33356
25336	33055
28621	32079
28720	35416
28988	38040
27085	33815
23236	31135
24826	37823
29126	32407
28209	31782
22749	32243
21529	32524
28048	32187
23040	38136
21933	35674
27873	35235
26469	32687
26332	31372
26669	33800
29025	35102
22136	36431
24648	31232
26042	38708
23940	34598
22839	31856
23230	34079
23747	32742
27401	31471
28545	37846
21442	38036
28575	31496
28978	34685
29155	35684
21361	35279
24016	34813
28028	35483
28808	34987
29217	32590
26559	38951
22254	36809
25900	30728
26441	34394
23260	30316
27693	33042
26895	29992
28122	35645
25353	38070
26766	30474
23293	32763
29814	34925
28510	31495
26897	33824
29865	36114
25703	35761
23001	30878
29353	36036
22216	31611
28640	35590
22848	31284
27707	35583
25400	38620
25506	36863
26645	36312
24808	34431
23956	36517
22401	32320
24810	35656
21386	35918
21415	31198
26835	35571
28259	36577
22830	31985
29240	34112
23336	31732
21642	30576
27173	31178
23331	33560
23019	34051
26234	30272
22019	37398
25270	37144
24924	36164
23300	36058
22439	36153
21332	33965
26038	34531
22967	38227
26573	35765
26512	36670
26277	35866
29530	33890
25086	38191
27341	30923
21128	33592
27792	34260
21762	30264
24871	36933
23053	32876
23369	30782
26285	32342
28522	34600
29186	29972
22013	34612
21133	34409
29446	35554
25434	32864
23688	30376
26222	30946
27867	37469
25516	36851
24318	33287
21354	36250
23186	36518
23610	38276
24281	38048
27206	37455
27733	33364
22551	34613
21441	36288
23836	34754
28191	32527
22957	32886
26069	35957
28964	32353
27596	31091
21959	33833
23241	37681
27961	38811
21173	31784
23523	34415
24955	32741
22215	33260
29843	37178
24321	30462
28472	31288
27526	32902
24764	36899
24667	31320
28540	29983
23656	31256
24767	34038
23976	36351
21701	37340
26782	37105
23148	33597
26833	35933
27925	31942
22792	30001
23819	33814
27820	34035
24012	37187
27522	30518
22015	34267
24908	37692
28250	31557
21277	31692
28336	38196
22723	30507
25467	35056
22518	31891
21325	38389
24933	37084
23178	36487
25110	35686
25837	32622
22211	38264
22896	37193
26394	33373
23107	33542
24054	38677
28402	31979
25140	35445
22868	37131
29052	37071
24691	33242
27990	34553
24490	36232
22651	31213
25969	38214
27433	31797
24144	37429
23078	30720
25822	32183
29046	37742
28275	35874
28353	31670
29265	38251
28097	35430
22970	35404
21447	32970
26850	36621
26223	32417
23251	34549
24290	30105
23779	38648
22820	32207
26927	35669
29432	33782
27282	38875
22055	29940
24775	35162
27349	31930
24949	37675
22113	33644
28786	32982
26952	32042
23731	36287
25584	32587
21240	30567
22703	32483
24918	30998
24943	33555
29011	31711
26029	31991
27415	37406
21393	31987
23350	33858
26560	29917
26377	32381
21835	32661
25673	35942
24353	32992
26683	32681
29725	30166
27686	34364
24438	32529
21564	37232
29313	35024
26100	33410
27417	33153
23874	35417
22889	31550
23818	34836
21589	32236
26300	36393
25568	34372
29655	37900
22845	37438
28755	36617
22050	34319
21008	35384
23340	36463
25923	37865
28178	30124
29758	34204
27403	30401
23911	34043
21248	31245
27860	32481
25761	36359
25957	33621
24377	37516
27237	32495
24860	34733
21884	38319
25309	33422
28991	34800
21199	38787
21610	34312
25295	32636
25504	37167
27854	37628
24189	31603
28293	35743
28121	37239
26898	38572
24951	36666
23455	30017
28530	34674
22195	33876
25722	36735
27719	34232
21010	31837
23195	31408
29091	35441
27511	35725
27164	34907
29559	31998
27399	38314
27422	37113
21423	38293
21759	33160
28185	35608
24800	37360
27807	32015
24000	36444
21848	38720
26074	32859
25246	35707
23462	30519
28298	34554
25828	36633
25875	31703
26621	36353
21600	35581
23310	36248
28582	35592
29851	37897
23056	35415
27319	34581
26720	35819
27841	32986
27681	33853
22408	36015
27464	34046
27207	35746
25718	35781
27055	38807
28648	32794
23948	33605
27963	38492
21489	30532
29649	33038
27451	30538
21576	32887
25699	35950
25911	33079
22654	31275
24674	37924
25777	33008
26598	33835
21396	36455
26994	35202
26062	38079
28705	30369
21604	32461
28099	30252
25839	38812
28857	34869
28463	32464
24031	33328
23441	36216
28618	31335
22814	35126
28813	37708
26174	37163
23069	37260
21983	38010
28890	31355
29831	31214
25163	34740
25517	36653
28666	33884
24418	38815
25463	38788
23545	38334
27713	30713
27837	31377
29883	30106
25553	32397
26697	37566
22364	36427
25689	31743
25308	37561
22041	30667
24863	36677
21106	32837
27352	34279
26674	31936
29434	37224
28444	32359
27184	32478
26339	29943
21503	33550
29007	32580
22787	36163
28238	38489
24311	35662
28571	34048
25013	38751
24014	33136
29209	34159
23097	31168
25279	30864
29767	32858
27290	32048
29466	36205
28323	35084
29395	38929
24944	35762
25802	35266
25403	36804
24439	35268
21139	32450
29724	34509
24324	31943
22132	38162
24966	37335
26281	30077
21452	31022
25072	36415
24983	34360
25548	34725
22744	34179
24843	30199
25273	31278
24057	35118
25151	38392
28112	30513
23670	36985
29476	38424
22064	37331
22832	34475
23406	34847
26123	35435
26948	36951
27989	32707
23603	32841
28894	37127
26849	34137
25105	30630
25806	37382
21491	37082
23701	34295
27193	30380
28156	36786
28691	38150
27063	37807
25187	30352
24684	35364
22856	32452
29166	37368
22540	33941
24777	34502
22255	34152
26951	38384
22321	35511
21258	32824
25577	38901
22256	33062
25669	30741
25696	32377
22525	32050
27054	36442
23805	37418
24778	34840
23618	37142
22825	35205
24302	38428
22234	35346
29167	36294
25858	37611
29513	37192
25051	34340
27094	31160
21439	36030
28877	37492
26562	32729
21513	37609
21427	37657
27311	36521
28861	36285
21595	37209
22353	30660
24336	32569
23365	37909
25494	35849
25233	32615
24437	33654
28257	30213
21713	35097
28936	34504
27305	37836
21009	38470
23724	34091
29441	37589
21834	38543
28385	33571
24365	36374
27610	32764
23021	34978
22120	30900
23929	37165
24493	30418
21483	37685
27556	30079
25445	32354
21271	35788
23595	34486
28040	38845
27760	31112
26325	31180
27028	33879
25285	38576
28747	38479
22840	33195
22406	34816
23821	30275
28963	30608
28709	36647
28818	32925
22470	34499
21390	32196
25860	32118
25614	37686
29860	38585
25701	37488
21976	34952
27389	38275
27203	34181
25490	37354
26871	33712
21797	36101
27375	34335
21414	33268
22861	37063
22638	31470
25325	34530
28190	29961
21031	38283
22971	38508
26949	34321
29558	37539
23428	32479
25810	36339
22615	35634
22720	35376
23375	34078
23485	38049
29078	38946
28505	36320
23715	38090
24662	33662
21793	36049
28781	31303
24100	33311
26299	34491
29480	35496
26942	38631
29379	36822
22031	30392
26920	34264
23641	38031
27092	31055
29810	36157
23546	32113
22373	33767
24689	31721
23774	34104
29077	34054
25737	31175
21612	33043
22097	37925
23554	35341
23511	38165
23896	37477
23104	30481
26359	34330
28151	34248
26461	38659
22611	38169
28349	36017
29330	30849
26526	35966
25453	36563
27932	30049
21395	38829
22010	30517
24816	33614
26649	30307
28884	37579
28364	35747
23660	30308
28232	34338
29224	34004
21470	35730
23154	34012
22456	33036
25393	33133
25841	30394
28512	38310
23605	32781
26892	37980
28430	31720
29574	37917
24335	33820
27187	32086
23558	32301
22574	30745
28075	32071
27170	31551
26370	30760
27248	36026
27448	31548
25862	30693
27775	37198
25298	38660
23380	31706
21765	31488
24531	35696
23917	31967
28646	31590
27485	30502
26409	37190
23245	32716
21384	38257
27291	32333
24541	35090
28053	30033
25315	38849
28625	35701
23373	33298
28735	33463
24998	33510
28526	36478
28417	32066
22484	33779
23224	32391
26358	38512
25883	38626
21548	35945
22037	30032
29307	33757
28389	37229
29329	30738
26091	34092
27516	33272
28759	35493
24248	30000
24109	30354
27233	35756
21002	31618
22564	32542
23994	37634
23950	38375
24590	35006
21758	38519
26481	32726
21468	37179
24303	31046
28061	38776
27754	30410
28258	33984
29871	37972
23645	37391
21602	36467
22102	36097
28418	30770
23419	31107
21635	30588
26702	31121
29791	35461
23401	36910
26179	36062
24032	38438
26061	32335
23988	33609
25226	31934
28023	38240
24406	38832
23516	38749
24873	32573
22621	36960
21897	31068
24780	31389
21027	31000
26172	32811
27284	35247
28500	38673
22291	33116
29010	34975
21249	34985
25656	32166
28594	37056
24759	36488
26294	34052
29484	33285
25321	31641
27757	30091
26542	33165
23850	36116
27689	34371
24145	31236
25075	33379
28516	31752
22004	36125
26096	31738
23680	35667
21977	35537
29314	31653
26024	32505
29081	30160
29075	33359
26486	31697
21801	35613
29599	30620
29846	31824
25074	31851
29528	30740
21738	30764
26437	32684
24294	35984
25688	31881
23555	37478
29452	32443
24200	31247
24850	37176
27077	30777
22520	32455
29283	37022
29439	34403
25655	33997
26772	32332
21046	38494
25281	38785
22956	34645
28346	38213
28532	36701
25967	30450
25943	33577
21718	38452
25240	38594
21401	33075
22588	38612
24989	37735
26907	34303
22162	33363
27672	34139
25933	37255
24818	37861
21704	34751
26882	31501
21215	35207
24855	38860
21201	36429
24384	34436
22319	32036
28585	37411
23754	38475
22068	36897
24274	38340
29385	37268
29086	37664
22695	31982
25189	37377
24325	35783
21965	31179
23335	38933
27793	35605
28622	30877
25174	35241
23993	34518
21888	38267
27779	36225
25136	37799
22190	36389
26255	35962
28547	37369
28183	31065
21366	32614
21628	36761
28070	34406
27243	33850
25422	33113
23985	34721
28281	36258
23738	32911
29493	37219
29672	30162
28701	37092
24331	38745
27711	30379
26629	35782
22753	37228
23612	34053
21934	33947
26976	32796
29704	36948
28119	30482
26647	32678
28804	37886
26509	34798
21458	34489
25425	34093
24351	32266
27033	36501
27546	35943
28393	37533
28001	37892
28662	33026
21879	38939
21629	30843
23658	35708
22694	31199
24642	30319
23006	36121
27320	32393
25478	36003
27376	30196
26199	32777
29394	32630
24726	33176
28722	37567
26307	38742
25076	35050
24221	35885
28114	32049
28853	38681
22777	32947
21445	33049
28124	38600
29842	35652
21605	35156
29103	30509
28400	30247
28983	35632
27496	35229
21924	36683
27558	31092
22836	31688
22395	35259
24732	30301
24116	33336
25996	33104
24660	35243
25771	30752
27537	37599
26114	35751
24422	36378
26348	34120
25727	31326
29173	34653
21192	32212
26943	37234
22781	37931
25096	30850
25819	33859
26180	34419
23916	33466
22754	33522
22466	37086
23515	37838
28297	33126
26504	33265
25800	30161
21607	37475
25592	35604
28179	34942
23958	35154
28376	33991
27365	33170
28615	37018
26173	34627
23592	30870
25955	37654
23617	33004
22339	30100
21124	36554
29538	38804
26018	35410
24820	36857
26588	31228
25414	32629
24184	38530
28321	30432
22352	33921
28718	32835
23729	37126
21299	37677
24463	38754
26962	37046
29404	35002
23073	35574
22061	35350
25054	35941
24120	33470
24187	31849
26522	37542
27355	37928
28493	38269
21546	35642
28873	32057
22756	36772
28579	38925
25564	34896
28967	34965
26916	32909
25964	36662
23667	32673
25676	37518
27774	38559
29269	32052
29880	35399
21175	31074
28352	34082
26101	34894
24404	33467
23876	33747
23065	38850
29562	38282
24853	31725
28405	32734
21440	35974
23927	34524
21409	37785
22213	36598
21244	33184
23432	35711
28632	36982
25107	32901
26037	31801
21202	36944
28443	34559
24566	32396
29160	33487
26900	34556
23316	31893
23716	37640
28719	32217
24443	31010
23165	32254
26659	30868
24562	36436
22235	30404
29852	32221
25936	33341
27917	38281
25833	37130
28200	38063
24883	38522
24349	33140
26183	33497
28034	31158
24266	37521
29593	34026
24825	30912
25069	30968
29690	34999
28449	34270
26360	36028
28150	34929
27190	34697
26211	35986
27260	31492
21068	31388
26774	31219
25411	31173
28455	31420
27450	36103
24823	36593
28595	30406
25141	35216
27288	31272
21034	37793
26797	35460
22225	31631
25304	38890
22538	35171
25465	34457
25913	36980
23758	35472
24242	38246
26982	33339
25692	33729
23326	33117
23868	38838
26477	37739
27427	34893
29133	37697
28091	30766
29364	37147
21114	36877
28985	31117
24398	30802
25778	32626
27075	35078
24470	32519
23166	31120
26219	31356
23654	32679
24945	34466
27333	32310
27465	34441
27479	31813
25642	29948
25919	30704
26322	33562
27246	37058
23683	30335
26536	37510
26466	30940
27579	36556
22223	36235
22224	32262
28060	31995
24701	35390
26129	36622
25598	30945
22893	32727
28432	33015
27508	34187
28885	35952
24733	34149
25724	38884
21189	34991
29779	35935
21030	29944
26633	34393
21164	35951
23436	34704
24631	30919
27968	35197
29602	37997
27120	32951
28871	38120
22685	33784
29536	30618
25477	31401
25686	36425
22145	34363
27452	36555
23959	32691
27345	34390
22838	30976
27635	33411
27786	38157
29651	36869
22772	30901
24938	30889
27815	35375
29275	34731
26439	36737
26844	36860
27560	32092
21772	31397
27654	37880
22789	37934
24981	30498
22443	32350
25735	37423
21707	36057
22592	36954
29230	33115
27021	38434
26722	32410
22952	31916
25878	32490
26189	31450
23628	38505
29613	36616
29066	36513
29833	37200
27377	31928
27906	31868
27843	36984
26524	38431
22327	37098
25958	34582
28726	33318
24755	33807
24119	38444
27881	38052
22156	29930
21486	38601
23284	30985
22640	34309
26608	30806
24591	32364
21902	35698
22705	35529
22307	33308
21970	31328
21178	32329
25355	31500
25254	33639
22659	32011
26044	35813
23713	38354
29579	37448
22403	34715
29671	38914
28490	36533
23619	32898
27124	36174
29882	33259
26041	33660
22768	38800
24895	31249
21690	38473
25383	38074
23514	34729
21818	37464
22414	35609
24304	30604
22933	30332
21417	38523
22285	32500
27872	30880
24333	36078
22472	31011
29629	30972
25396	34157
22951	33225
23102	34282
28422	37080
24357	37788
22423	38517
22918	36584
29870	37303
28996	34496
27331	35473
27130	33351
28745	34637
23109	29960
26641	33963
23860	37761
28326	30099
24425	37600
26911	38750
24225	38843
25059	35260
22741	32548
28994	38556
25868	34296
22639	35438
25775	30356
28387	35997
21382	33462
29829	33914
24510	35333
26362	30911
29132	33523
23005	30536
24030	31504
22600	36602
25631	36866
23616	37629
23347	34567
27565	34803
22531	36922
21624	35407
28987	34314
25549	34110
26122	35564
21471	37145
29215	35190
28799	30927
24241	30081
23007	33730
21111	38865
25139	31490
24367	33430
25856	35177
23773	31742
26224	35426
21050	38316
27957	31134
26711	34213
28753	31024
23730	38104
26369	34103
25643	33310
21737	30469
22584	32813
27669	36223
24121	34266
29822	32601
29759	35366
21082	34196
25491	33504
25994	37065
27642	36708
21213	35513
22903	34724
27840	37493
21477	32797
21296	33324
28269	30762
24475	31983
24055	34698
27191	34450
23800	31740
22219	32460
25711	33461
21078	37291
22763	32280
25514	30920
29305	34420
29000	38188
25814	35898
22110	38583
28096	38420
22912	31754
29097	33608
21997	38504
26422	35864
25905	37889
23394	36599
25176	35779
24064	37655
26622	37246
27095	36716
27192	32145
22597	37099
22108	37161
25433	32769
23451	35979
27913	37763
29346	30765
27468	33506
22154	36423
25836	31843
26097	30414
27996	38502
27113	31666
29543	30044
22648	31188
23423	37235
22257	34013
27876	30687
28310	35326
22111	34735
21187	37339
25657	31069
27032	31222
27454	36640
25481	33200
29713	30122
24169	30648
24564	34241
21224	36964
25454	38243
24902	31295
23973	37679
25027	35884
22502	32426
28399	31149
28426	35491
23828	33400
21787	34631
29235	30503
25500	35007
23412	36678
27978	37548
26004	30185
21693	34275
23951	30664
22740	30500
23582	36850
21235	30816
29256	36871
28918	32140
28369	35298
27850	35818
25082	33998
23437	38767
22141	36440
21493	32514
29168	37174
27395	38161
27280	30202
27456	34624
28155	31773
26858	33397
24094	35208
26726	31860
27103	35479
26093	36939
23421	32439
25633	33338
21162	34769
23232	35800
28221	34722
28954	37307
23157	32613
27431	32663
27132	38119
24799	30012
27478	32279
21492	34310
28252	37211
23060	30327
23294	33014
28910	32318
21014	32055
23897	35867
25563	33346
26165	35234
25199	33996
26326	30557
25798	35187
26098	35437
25966	32774
21710	32041
23815	36054
28544	35256
22690	38021
25000	32470
29123	30520
21982	38482
21722	33514
27042	38540
21714	30853
23499	38638
24258	32747
21253	33934
24465	37898
27791	35599
24766	34219
28940	38565
24991	35116
24253	33611
24632	36841
22105	31366
24554	33247
28072	31753
26750	31345
22179	30080
24403	31163
26492	36642
23669	31807
21876	38496
22407	36303
24788	32754
21461	33748
24264	29909
25569	34994
26425	33603
23684	34652
26886	35909
25664	38885
23704	31253
26068	30343
22032	30992
28166	32941
24488	36085
21239	38797
24191	33718
28162	38957
24605	32316
25805	37635
24893	37665
29523	37537
22709	34536
21338	34563
21105	32060
24899	38526
22758	33315
29761	33424
22312	37205
22664	36723
23894	35061
22320	37473
28882	30932
26164	35151
26265	37999
22826	30699
21963	37932
26312	32566
22387	31597
23602	31691
21518	32555
23579	38955
21715	37078
27099	34205
28802	36096
21528	34689
27466	33228
24635	37259
27359	37263
28442	30719
25707	37394
21039	35306
28433	37804
27210	33451
29390	34281
27241	30340
28607	36050
24907	38888
26612	38220
21990	37712
21577	32096
24480	30232
23507	32935
24449	37276
24332	36130
25402	38567
26815	34514
26613	37619
27499	30659
25112	30508
27118	30915
25415	31273
25474	33678
28784	36961
26654	33107
24224	34464
26036	36150
28776	36368
28620	36806
28764	35005
21752	35638
26947	37582
21434	32188
25087	37733
25483	32395
29532	34585
21986	37195
27564	34099
25146	34676
21435	37557
23156	33585
28864	34244
28203	37007
26048	32923
21729	32149
23246	35311
23901	36141
22151	31076
27134	32756
23556	32125
22177	34454
24901	34182
23235	37463
26200	32138
26128	32993
26957	33535
24358	35536
24246	36373
25717	29994
28638	37143
28976	35541
22381	31708
24930	34593
23544	36483
24940	34323
27514	33025
21200	30157
24049	31242
23123	34168
29697	35670
25489	30705
25382	33635
21861	33439
28599	32617
27568	31294
28880	32013
23357	33895
23699	37718
28782	38658
24102	37592
27334	38002
26523	38378
29838	36526
24830	37904
22171	32091
23115	33134
26623	31448
22731	31170
29309	32999
24106	31421
26644	34190
27347	32082
23187	36434
24143	32695
25938	34629
26874	32538
21309	37033
24048	32384
27897	38892
28381	31785
22630	35657
29861	38219
24397	36918
26725	35736
25428	35192
25208	31354
25787	37149
26432	38831
23125	32081
27718	38894
21300	38716
27169	36523
27089	29970
29214	34594
24163	34356
25882	38109
23826	38560
27983	35255
26687	36502
24584	31137
29566	34902
27824	35371
24329	32513
23055	33744
24919	35639
29464	33521
29630	35253
26904	36493
22542	33975
27009	31879
24957	34299
22220	38518
23404	29927
24671	33908
26880	33144
26035	31494
26955	35801
24363	38468
27611	31324
22567	36887
22948	37511
27510	32053
26274	30769
23573	35593
22301	38842
28285	38145
23031	38704
29775	35517
29666	33617
25754	32528
24934	34017
22071	32191
22649	36560
22338	30048
21446	37066
24546	31054
21221	35793
26427	31297
29521	32325
26500	31466
22498	34022
24021	30779
24024	30718
24507	36844
23141	34828
28611	30686
24117	35031
27297	34290
21536	30021
26767	30783
22018	31956
26085	38535
24571	38604
26060	34655
21112	35702
29245	35901
26903	35023
21476	30042
28565	32313
28015	36530
21608	37876
22880	36594
21999	38464
21819	35101
25227	35615
24774	36421
24133	32745
24712	37312
22396	33725
24824	30555
27412	31989
22907	36638
25159	31458
27446	32208
26015	32914
27370	37650
26218	37416
21581	33755
25948	36299
21811	36243
24197	33868
22282	37639
26510	31080
24881	36595
27379	30737
24909	37795
21778	31258
23941	35107
27896	32546
28307	35664
29669	32017
23131	31848
27903	33125
21892	37202
26581	32177
24002	37251
23038	30698
27426	37171
23720	37745
29101	31714
28779	34242
25765	38527
23791	34664
22892	36625
23676	37345
25470	37730
23268	36503
21631	31712
22394	37426
22070	38783
29776	31172
23027	35740
21190	35903
26490	37915
22975	31528
26161	36113
26031	30571
23935	33378
21506	37097
29130	37753
24681	37494
29749	37778
23317	36943
21853	31569
26717	35753
28756	31675
21148	33762
26872	37320
28955	31129
24218	38532
25347	33978
27658	34455
21868	30443
26057	36547
29135	31428
28723	30953
22450	35927
29693	35282
21198	35633
26818	32675
26991	38456
23035	32457
23429	31472
22692	35839
24238	38112
21282	32849
28089	30045
22569	30690
29505	38853
28895	38636
26703	36080
28795	32068
24762	35584
21919	36390
23059	38201
26627	38416
21065	38836
26012	34239
29514	37759
26156	34927
27304	32324
26730	34359
26889	34131
28497	37864
29425	31476
24822	33778
29621	38769
29255	33455
28038	30419
27722	36654
25580	35869
29645	29949
26185	37240
27470	31719
23267	31402
26159	36635
24009	37910
21842	29975
27977	32386
29122	37522
25089	36292
26852	30054
26831	37818
22388	32798
29107	32750
25423	31104
25446	34908
25654	35315
28356	37248
25030	30255
24476	34128
26496	34746
26701	37687
27865	38915
25534	32308
26329	34592
28146	30014
28715	38397
22441	38695
22932	36082
24779	38368
21098	30150
28875	35145
24018	32142
27238	32785
27940	32175
23662	37507
27783	37569
25368	37713
23593	30569
24848	31410
26578	35786
28343	31718
28049	33485
25918	32089
27803	36128
25625	30706
28211	32759
24597	31678
28785	31642
29556	31990
22995	36905
23500	37238
23535	34361
26465	32639
25695	30321
26273	37556
28859	35602
29568	34224
26914	32344
24555	36271
24576	33880
26582	36893
25907	33769
22241	34156
28030	33878
22157	32718
23637	32241
21574	32493
28683	31017
21698	38881
29610	36550
28569	31467
25447	35643
28340	31220
25083	32261
29467	35647
21549	32565
22547	38663
27425	37150
25232	35125
26548	36266
27440	34085
26513	36925
26609	35368
21334	36215
24025	38685
26459	34325
25610	34315
22313	38039
27272	30938
25099	32776
21535	31926
23108	36365
28874	33710
21467	32473
21633	33507
29059	32989
28222	37495
24089	31621
21292	30078
25573	32910
29199	32723
21588	29993
27097	34174
22941	32868
22532	32530
23689	31762
24091	34666
26739	36013
28377	34230
22885	38782
23975	36452
24204	31730
28793	35352
25733	37154
21007	38305
26969	31596
25216	33948
21268	37790
24260	32966
29512	34777
26241	35646
27576	32531
22693	30460
22842	37500
21948	30262
23872	34960
24052	32897
22719	35944
29345	36424
29236	34726
22942	33960
21914	34910
22243	31039
27944	36516
22602	31299
29037	29955
24086	32809
25172	35363
21728	33085
28206	30533
26245	30831
24744	36345
23843	36192
27262	37070
27922	37162
28524	32423
24885	36031
24126	31109
25264	31993
21121	32890
25278	34268
23982	38291
28392	36211
24997	35360
29780	32231
23854	31628
22555	33299
27492	36604
27530	38858
22415	34463
22172	31599
23886	38273
24529	38548
22857	37737
28320	34411
22696	33817
29087	38139
24215	36576
24130	37257
23768	35284
25525	30908
29197	31516
22591	33058
22816	33509
23904	35582
26367	31764
25977	35653
27084	38100
21666	32537
25845	34859
25280	38172
21591	32888
25284	30602
24922	33404
28172	35939
29401	38261
23041	31894
21093	30431
25612	31147
27390	33345
23781	33434
26597	33576
21585	33575
24637	38766
22056	36541
23467	36022
24968	34941
26257	37450
27739	32619
25823	36692
21261	33924
24211	34538
22661	37750
21593	31042
25025	38131
27842	30458
28217	36581
28282	36341
23372	36945
23569	33637
24007	35661
21407	37874
29295	33699
29402	30442
22315	38309
23051	38333
25561	32593
21995	35658
22637	36959
27714	31895
21696	30051
27752	30479
22679	34611
28284	38415
22955	38450
29797	37362
26733	37741
26186	33266
27670	33783
25314	37762
23448	34984
25488	32877
21509	32454
28508	36696
24252	36543
26922	30420
29386	35374
23330	32913
21211	32965
27682	36675
26355	32698
27142	36515
23824	34488
25877	34186
24292	32643
23879	36986
24277	34307
21829	30792
25015	37746
21761	32206
21403	31461
21563	30708
24828	31635
26474	33671
26838	34695
21097	32778
28961	38406
28382	34873
21481	33749
25639	30383
27179	33382
24305	35518
22464	36795
28453	32570
25207	30357
25731	38740
28519	36349
26177	38520
22653	36002
24875	38140
24497	38076
21741	31099
24534	32638
23486	34551
21653	31139
25361	31827
24612	31146
28042	37627
26704	34452
24444	31884
26751	30936
21723	37074
25053	37444
25340	34129
22440	35119
23613	37622
25150	33940
24456	33703
23447	35152
23765	31771
29750	38643
21108	31810
23648	38765
21872	36612
21750	31012
26163	32749
22533	38121
27738	33682
21003	36815
24753	31445
22849	33180
21344	30679
22675	37277
22166	35938
25479	36219
26564	31841
26876	34922
29763	31542
27918	35088
22827	35914
23793	32930
23142	30841
22610	31233
24446	35055
29618	32226
26878	36669
26324	32143
26855	36774
24508	33937
24123	34084
22691	30650
22170	34658
23697	30037
22365	35273
27474	31698
29124	33697
27037	35834
24988	37480
25104	33120
21825	34570
23377	30572
21669	32608
24212	34507
25277	34854
21281	35474
21796	36989
21377	34762
26602	34573
27694	34251
24411	30611
21092	32633
27679	37271
24168	33489
24467	38409
23353	37287
21841	33278
29473	32213
24229	29934
25824	38212
28909	35343
27064	31018
21380	33361
22426	36016
29248	30828
23933	36549
23677	31625
29259	38953
29104	32766
27348	32624
27155	33076
24075	34940
26039	37840
28290	33532
29352	35026
25679	35494
25194	35329
28975	34461
29670	30514
26168	29892
23553	37536
22277	30793
23247	31924
29056	38233
21658	35073
29474	33402
28143	32790
29051	32283
22949	37308
28140	38405
28274	38178
28239	31728
26954	34654
23147	35278
21896	38531
21844	37544
21058	38238
26278	33405
28412	33992
26398	38912
25272	32535
25036	34707
21567	32758
25028	38571
21981	35163
23913	30183
25591	36657
21196	29999
25555	30473
26013	34106
23565	34541
28398	31829
27123	37644
29069	34558
26519	33819
24181	30013
21568	31733
27405	38194
27002	32480
26034	34739
21156	37506
27495	38608
28383	32873
22488	32646
25783	30407
22823	36537
24879	37625
28980	36652
29534	32738
25258	34362
27381	36525
24127	31535
23487	38418
22377	38820
24803	36557
21243	31946
23634	33147
24019	35648
26489	34345
27825	35295
29181	35443
25426	30696
26188	35588
25770	38866
24535	34438
22455	31751
24306	35978
27321	34308
24060	32474
22521	38413
22629	30359
22652	34193
21005	38469
26144	35079
27915	36592
25570	34818
21113	38186
26147	35668
25651	31429
23480	37587
23898	31826
24539	35016
27533	36145
25537	38365
24345	36381
29438	32510
23671	33236
21930	34622
23398	33128
27845	32976
29340	34642
27698	37862
24464	35487
23502	32152
24286	32390
29741	34180
24929	34831
25237	34951
23878	35308
28677	34380
25379	31568
25183	35034
25145	36979
25734	30461
27498	36823
25624	31206
26788	32294
26239	34071
26692	38280
25363	31583
26327	38913
25209	32367
25986	38546
25729	34561
26712	37623
29131	36453
21102	34954
28022	30554
21100	38507
26607	33565
24319	30181
26724	33196
22048	32295
29440	31317
28819	34254
23510	32671
28100	30962
26107	36168
29504	29923
25001	33239
27598	38199
25596	31371
24812	38715
28192	32046
24973	31760
28659	35011
23124	33645
25164	36023
29622	36449
23694	30251
29547	33316
29362	31677
23196	31772
27908	32126
21929	35666
24408	38174
22683	36655
22802	38487
26561	30195
25666	32134
23044	34577
21250	35172
27209	32996
21786	36384
28242	32080
22947	34252
25892	30298
29359	38110
29686	36327
22501	30234
21945	34376
21619	30622
21406	32641
23402	36091
28977	31061
25844	38816
21632	33438
27384	34471
26749	38061
21208	35252
29527	33230
29884	36399
23761	37442
28564	38037
26170	38038
23961	32014
29637	32575
28312	35973
24053	32411
25713	36041
29459	36830
27073	35776
27889	34218
29656	32249
28560	31083
29048	36068
22566	36329
27810	32440
21280	38792
22072	34127
23955	34804
23785	35899
25629	30186
22086	38337
26007	30085
23871	37272
27674	34073
21083	37597
28486	30606
22299	31609
24506	30787
22146	35693
22260	36603
27855	34564
29074	35043
23737	31189
23484	34125
22372	36976
25827	33899
24078	38586
28308	31081
21854	34782
28896	34799
22115	38200
26996	34699
28487	35863
27756	37651
23081	30056
26372	29920
26014	34617
28081	35465
26890	33739
24798	34710
26668	35344
26640	33735
23223	38948
27904	32521
27314	36719
23960	35628
25630	33663
27826	32825
28371	35495
27057	30026
26232	36615
21251	35411
27736	38952
23117	35439
28403	36992
29492	30135
23954	37554
28626	37973
21694	30292
21622	30435
28583	35677
21205	30965
27691	33421
24233	35092
28391	35836
24273	31997
28043	31113
21661	32696
26393	37491
24588	34353
25033	33809
28739	35835
21081	36907
27392	34635
27129	36269
23742	38662
29125	32721
23012	35293
21276	31974
28414	35687
24607	36730
23087	32850
27678	33010
25060	38931
28219	31538
24717	29988
24071	34272
22636	36318
29572	30768
26928	30388
29428	32958
29873	35049
24700	34519
28889	37025
22474	31101
22748	31944
22021	33765
26690	37884
27486	37666
21542	37104
21560	30733
21278	32133
23494	30784
29619	35238
22987	35654
27245	38728
21623	37294
28355	38698
23681	33371
26642	35009
29789	33219
29717	30250
22168	30497
26094	30751
25649	35180
25357	33083
29820	33546
23923	30674
24058	37574
25198	32829
22963	34714
24583	35291
28931	38046
26643	38762
24481	30632
29299	35402
23974	31281
27138	33383
22733	32022
26689	34705
22109	36260
26208	34476
27700	35815
27105	32047
24769	35211
23910	32918
23092	37783
24748	37883
25496	32176
21833	35227
23491	36255
26088	31208
23287	37333
29773	37221
25326	31690
24723	31877
27475	33406
23278	34788
21817	35382
26984	33796
23474	35233
27292	30103
26121	38221
21510	36072
24079	38684
23512	31329
22155	33003
28047	34322
24387	36251
25387	32484
21151	38358
24217	37896
29115	35688
25215	32160
29399	30397
23269	36619
22024	34671
27923	35573
27436	36332
22023	38927
29640	38640
22204	38116
22369	31491
21227	33419
23608	36752
28905	31413
23370	33773
28927	37531
28067	31887
23902	37357
28844	30587
23653	31579
29632	30780
21764	30830
21541	35365
27416	36105
28771	35028
27343	31370
25700	31257
22904	37854
26206	36489
29216	32153
26052	33931
27060	33559
25954	37583
25144	38644
27159	32489
24770	38937
22159	38501
28333	35998
21913	37955
24954	36750
28466	32034
23962	38128
22208	31513
22519	35098
21413	33174
25485	38923
27894	34750
27938	32289
22379	38195
29463	33643
29768	30906
25767	38093
22247	30669
24761	34070
22613	31282
26675	33911
25070	32787
21260	32869
26192	38602
25351	38958
24046	30943
27463	38909
26162	30350
28816	36044
22142	36394
25945	31459
26864	32172
29569	32789
21597	36500
22152	31825
27634	31588
25985	38231
23431	36861
28436	37129
25301	38117
29708	33164
28554	35969
24170	30110
23539	36510
22517	32863
21558	36738
22318	33734
29639	38706
24230	33581
21000	31737
29450	31079
24206	31240
25032	30344
27890	30548
28441	30039
27287	35289
29006	36995
22927	35186
21512	37620
21672	33135
27643	30884
24309	30058
23483	31686
23589	36852
28303	32077
24390	30951
21157	37927
27720	38821
21474	36166
22336	32124
23566	37523
26135	36605
23980	38646
22392	33161
26423	34414
25394	30273
29062	32119
26781	38322
22014	31414
28380	35432
21708	36874
25795	36931
28289	34146
28050	31423
23452	38154
24231	35846
26912	34228
23395	35618
22437	36025
25412	32683
22833	34318
26452	36230
22429	35414
27886	30986
29858	38534
25622	31664
26353	31882
24606	31286
26791	32190
22457	34384
27283	30095
21398	32389
22265	38741
27625	38739
26053	33952
21360	34001
24077	35626
21013	33892
25077	31899
26357	34284
29203	38236
25291	38313
26253	30487
26387	33657
22425	35784
26498	33847
21306	37912
25062	36301
25550	38082
22774	34014
24670	32755
21497	31589
26941	35022
29017	38101
22712	38635
27369	38589
25533	36588
26902	33979
22938	38148
28938	33209
28629	32865
21587	31156
22496	36689
24339	32604
24595	35977
23460	37526
23531	36046
26694	38781
23150	35900
22897	32820
25973	34580
23601	33392
29676	33690
23276	30975
26446	32102
28351	36969
23827	34752
22306	34851
25004	29996
28986	30193
22543	33288
28597	30796
22605	31540
22033	36663
22575	30824
25531	38014
22242	34867
27523	37935
26247	30886
26571	34835
23859	34826
29185	31115
23559	30736
21385	35170
28176	32583
25404	31525
29408	32937
27622	35565
27935	33881
24107	33280
27122	33788
23218	32885
25997	38408
27701	36441
24420	33154
29516	37643
23459	32059
27076	33006
28687	32834
23216	38667
22025	37603
21308	37527
26396	38147
27023	37594
29811	32400
26187	30072
28311	31392
27078	33694
23004	34059
23461	37646
26805	33041
27494	30111
21780	37109
23538	30551
22367	38705
28132	35265
26043	32033
29481	35292
23762	32946
26451	37314
29229	37821
23635	37040
26150	35225
22182	31344
28041	38598
28456	34583
29367	35307
26569	30253
21756	37393
21073	37103
23792	37223
24183	38187
25976	32883
25035	36608
26260	35456
26291	32445
26115	31304
25940	34939
24502	36491
23233	31216
27945	30189
21916	31116
21204	37010
27247	37952
27325	36402
28342	34088
29765	35413
29274	36275
24423	36008
27346	35362
26919	36688
26019	30246
27394	36690
26985	30293
29746	37422
25005	36875
29366	33785
25175	31469
29252	31040
28196	35087
28462	36450
28319	30146
26335	35772
21424	31251
29260	38193
27888	36732
27946	36053
23970	31554
24647	37328
24952	30617
29585	37991
21907	36687
22565	30971
27697	31717
21858	33651
29591	30789
28078	33630
23576	34161
21962	33199
24346	37120
27165	36112
25188	36901
24429	31433
21501	30422
29184	30052
28887	38666
23564	30295
26016	37210
28788	31763
29232	31138
21578	33517
27340	34383
27521	34167
29231	30305
29234	38823
25299	30480
26054	33031
23893	31177
23811	34080
28503	38417
25369	32171
27723	38180
24209	34619
28492	36070
27770	31153
21863	33832
23188	34860
22475	31591
27975	32804
22412	31021
22750	32157
26816	34955
28033	38197
27074	33119
21122	33828
27041	33512
28064	32807
27374	32879
27223	36528
25100	31412
24573	30691
22557	35726
26661	38499
28558	34976
27943	34348
26636	37822
24861	34690
23905	37576
22913	33905
26336	31262
28858	31133
22582	36408
29549	32997
21062	33728
27582	38887
28801	36272
26856	37168
27805	30516
24599	35940
24715	37637
24141	34443
24682	37116
21636	38361
21475	32139
26968	32214
27765	36583
26436	34801
26817	37699
21926	33912
23786	33764
25780	38722
26108	35261
26775	37427
28702	33171
22268	33241
28482	38617
24388	37580
26821	33972
22779	29947
28476	31248
26708	38943
28305	29918
26430	32851
23693	32161
22405	36321
22357	32276
24326	35136
22027	35323
21099	38826
21886	30890
26959	34560
24737	35030
29681	37311
28240	38799
28635	38177
23599	36284
25022	37845
21350	30677
29031	31660
28619	35768
28868	32942
21289	36347
29176	34233
23712	38429
28854	38296
26401	33623
25661	32929
22384	33409
27997	34229
26532	31464
24322	30444
25658	30269
26965	37772
28744	30068
25016	35689
27202	32830
23227	37439
22062	33731
24937	36265
25974	36214
21905	33227
