24861	36566
26172	36446
25982	36431
25879	38520
23892	34717
21145	35766
23741	35411
23366	36004
28894	36149
26621	32108
26316	38843
22182	33257
28056	36318
29150	35182
28849	30647
27150	32237
28188	39464
28487	36461
29163	37070
23894	37335
27978	38097
29642	32713
25407	34238
29426	30374
28485	38960
24043	36236
23518	33430
30289	31489
23972	33889
27439	31987
27583	32406
28834	36362
21695	37311
27258	39506
23774	31509
26686	34448
22823	34647
27568	31020
26149	37421
29557	38669
28537	30806
26630	33689
28394	30674
28847	32245
28048	35100
22279	33627
24431	35348
28440	31946
24449	31114
27832	34590
28406	37896
21874	31169
27345	38927
27341	32671
22115	38367
28538	36182
29127	31675
28107	30992
26660	34894
29725	30909
29095	36697
23835	33867
22655	33579
22602	36514
24864	30441
21381	31689
24816	35774
24202	34145
22709	34748
21597	31991
21669	35529
29343	38709
21506	30680
21609	35168
23817	35547
27957	31821
27045	30549
28395	37127
24068	33624
22710	34351
27735	32588
26352	31882
29610	34672
29897	30970
26645	30335
26098	34235
28556	34087
25715	33908
21055	37200
25048	31365
29663	34459
27673	34360
23223	37634
29189	34113
27728	37864
23733	30592
28774	32146
28361	38762
26457	38681
30179	31187
22647	39072
23710	33546
23387	32682
22844	38736
26281	32119
27029	35414
26903	31890
29250	37443
25495	33906
24514	31530
21484	37560
27175	38389
26186	37512
26019	33923
26901	32940
23587	38661
28636	33780
22508	38366
23215	38979
27756	34589
26839	32582
25720	32103
27773	35417
26299	31587
26275	31314
26458	37339
27788	38676
25415	35258
23028	34109
25195	35007
25210	36811
27265	34135
25903	39025
21491	36312
22177	33056
22254	30330
28375	34382
24291	36058
25304	37304
25179	32426
28421	30458
22073	38694
23498	37852
28086	35472
23976	35297
22161	32906
27053	30953
27594	32772
27779	35468
26447	31254
29782	34086
23155	36001
26814	35221
30171	37240
23679	38027
25093	34280
24123	30759
29674	35405
22384	38917
25619	32176
28103	38088
24239	34795
27614	35956
27688	33049
22865	38188
25212	31535
22287	31043
22396	37836
29361	33635
25785	33367
28449	38862
25706	35218
28428	37126
24827	30910
27661	34965
21195	39244
29631	33431
21294	32717
22487	33521
25552	34001
21768	31188
23369	39385
29942	38886
21594	31750
24489	34649
28918	30737
23354	31340
21471	36210
29364	33409
28397	33311
28399	31133
27903	35790
23417	33881
29001	32791
22410	31785
29815	32650
22684	32260
28015	31151
29965	35682
28435	35853
23005	31660
25822	35772
26731	36762
24127	30885
28308	35122
22236	38218
23342	33751
24056	39156
24681	38598
24063	33174
24404	38937
26400	31804
23457	30987
27308	37689
28337	30582
28897	37139
28415	36861
21916	31966
27020	38387
23820	30428
21034	37709
21062	37395
21415	37889
26729	35042
25435	31449
26405	38813
24234	31110
23963	32536
29396	33695
28488	37165
23868	39415
24944	34490
23080	35245
25607	39049
25248	34572
22153	32029
29139	37387
21046	33191
26307	36958
23949	39535
28767	34047
27598	35826
26429	34923
27493	38087
25946	34859
27352	38939
21394	36738
23492	30649
26590	32975
29800	31115
26798	39104
28035	33648
28623	37295
27025	37554
25988	38967
22235	30824
24441	35093
22025	32025
21631	37147
27662	38918
25412	31982
29257	38837
26358	35047
28907	32564
23434	35782
28686	32594
24403	33526
26470	32008
21793	34374
27118	34936
21280	32102
24504	37350
21766	36139
24535	33297
24612	31529
27686	31795
26714	30650
21172	34980
24593	32994
28718	32506
28701	36350
29844	31849
26690	33407
26968	31384
27110	35167
22191	30977
26341	38895
30137	39452
22876	34825
25509	35651
23128	36946
24093	39131
27310	30564
30055	35874
22887	33004
25291	33259
25223	39436
29288	37278
23336	38685
28097	38028
22874	36465
23423	39477
24042	36118
30000	31978
23602	34642
24478	35926
24813	32708
22463	35486
21640	32052
24220	39229
26423	39180
26022	38432
25271	33028
28032	30874
22676	34233
27890	38289
24719	37885
23759	31311
22179	33515
25779	34191
24039	33801
26898	30865
29704	32113
23277	35058
25924	31033
26211	35923
24589	31213
26724	33771
29796	33681
29889	32327
29705	32071
27923	34129
21006	36568
25483	34362
27672	30673
29472	30576
23881	38558
21499	32869
22692	35632
29157	39192
28207	37082
24122	32495
29879	33078
28279	37124
29901	31456
24421	35726
23185	38812
22735	36159
22415	36090
23029	33693
21952	33847
25643	36538
23037	35383
29940	34357
25433	35798
22325	36152
26175	36351
29518	35436
27475	34321
26145	31597
25736	37611
24913	36699
28994	32746
23865	36576
21803	38240
28480	37612
25683	36036
23911	31546
23753	30756
29769	32328
21349	38093
27599	39173
27146	34979
21191	31351
25473	36129
22579	34901
21635	39074
21807	38257
26364	38439
30177	34293
22645	36662
23826	36940
24402	31041
29827	31858
27420	31010
27695	34911
28467	32335
28569	33473
29091	33152
28437	31414
24723	31742
28253	37683
24720	32266
29326	39363
22995	37461
21443	37956
23472	35862
23751	34348
23420	32770
23099	32774
30138	36062
22248	32555
29982	34335
24557	33062
25723	38170
26065	33296
22931	32691
22194	34821
22705	33341
24414	33289
21828	31583
28238	30322
26775	34218
22465	32158
22866	36952
21356	38235
29996	36633
21999	31789
22116	32447
21677	36693
26396	36490
23297	36369
29297	30938
23218	32801
24051	35755
24048	30338
21798	37017
24304	33811
26038	36730
22627	32603
28257	31332
22761	34451
26878	32916
29259	33415
27275	36344
27367	31258
21736	38230
29966	32814
21863	34194
21140	36084
22303	37098
24369	31713
25615	32652
27988	38434
26735	31220
28496	37577
23734	34391
27262	33464
21307	38932
24790	37657
24103	38343
22308	33373
29024	33216
26877	37078
26031	38575
21293	30571
26575	37128
22332	35778
25943	34031
25064	38042
22401	30870
26052	30403
23514	37661
27678	39157
29521	31700
27581	36668
21355	35385
26413	39492
22997	35960
21325	34479
21221	32864
24975	34421
27331	34532
26490	37587
29398	37913
29748	38962
24458	32217
27726	38506
21721	36040
22656	33023
23501	36325
28175	31623
23893	37581
26126	32580
25452	30565
26943	30625
28757	32696
29233	35652
30294	30739
28404	32602
27785	36818
26459	38399
23004	38554
22892	36257
30192	39121
25281	32392
24685	31572
22554	33093
25742	36452
22195	30908
26315	39579
27847	30897
22531	34548
24865	32684
24348	36889
29418	32475
26433	32998
22201	31712
21217	31601
27769	32515
24774	34033
24382	37701
23697	35854
29323	38062
24023	33986
21725	39278
25430	36282
21775	38983
25513	38524
29636	36957
25251	39251
25763	39048
28458	37118
29930	37348
23430	34833
23078	35224
29903	33514
30281	36105
21242	30714
24037	38704
25004	38684
25229	30461
25861	35838
24683	31932
22679	33568
25876	39400
24780	37090
27027	31342
24484	35018
26938	30364
27567	31480
28903	34190
25817	35318
23904	30424
23057	33764
26311	34122
21353	34742
23804	35732
27586	32235
29419	37713
26442	37931
27579	35943
23596	38569
26678	32768
23584	31492
28299	38522
22941	37946
22589	36379
26314	30654
24966	35687
23236	32748
22788	36571
24280	31075
23527	36426
21679	36346
23977	39391
23948	33280
23718	32056
21833	30690
21461	38931
25618	32287
29389	38545
21541	33026
22798	37276
27168	31206
21975	31817
23329	38479
22151	31551
22121	33563
22918	32136
22453	31355
21579	39424
24775	33907
22490	31067
25866	34426
23525	39371
23161	35384
22760	37744
25793	30906
25756	38086
29278	32885
29097	34258
24603	34733
22651	34210
22154	36829
21239	36297
22982	32058
29205	37005
25400	30538
25235	32202
25463	30925
24172	35666
28634	38974
24705	33377
24326	31994
23255	38827
27320	39220
23301	32747
23262	35878
30312	33977
21371	32891
28867	34103
24765	36622
26350	34667
21525	37816
22326	36206
25960	36117
21709	31616
29268	30388
22007	30815
26138	33301
24639	35649
23482	38341
24787	34800
24818	32825
22404	39513
25791	38671
29543	38274
25301	32557
23412	35556
27013	31274
21271	32779
26909	37044
29696	38047
22623	36589
29563	36066
23707	31100
22438	34485
26383	30597
21058	36614
23678	35555
26152	36024
23957	31642
23940	32200
22572	31105
23847	37076
26198	30512
26640	36397
22525	33238
22573	37300
26604	30400
30190	32988
28332	36006
23017	38844
25455	37407
29832	39196
22270	39507
28998	36249
28550	34312
21865	37598
25021	36923
24057	34456
27442	36241
23680	32992
23085	34326
23800	35540
25865	38207
25569	33939
23048	37466
24931	37824
29245	36155
21972	38261
23257	36135
26802	35197
24213	34526
25889	37687
26196	39523
26572	31466
29415	31828
21308	39142
29975	37438
27403	36430
30054	36019
29272	34714
24418	32126
28040	39351
27679	38577
29199	35389
21205	34801
22635	36726
24738	30411
27285	36368
27965	33324
23564	33657
22607	34946
21756	38082
24368	36643
26960	31397
25279	32867
23827	35623
23752	32568
22492	31366
26134	31733
27122	34051
27528	35118
26084	31127
21238	37131
29525	38431
21409	35214
26840	34905
23464	31088
29681	31979
26862	34090
22699	33449
29402	32012
27969	33133
28672	36639
28778	35131
27351	36347
27596	39076
23368	36419
25205	34281
26083	34252
21326	38957
29368	38233
23435	34327
29741	34142
26411	34918
23271	38547
25140	35728
26893	35538
29117	33048
25593	30375
28862	33184
25216	39515
28114	35618
29010	36990
26762	32900
25907	33260
24885	30663
29319	32523
30027	37860
25339	39139
24757	37440
29676	32862
22721	33694
25337	36309
24822	34472
26215	38485
24847	36481
29346	36392
24585	36063
26044	31967
21843	34686
23171	39288
23627	35396
25947	36418
29241	38885
28959	37037
27184	31269
21330	32197
23206	37436
26373	31861
29469	33463
22334	31193
28053	38419
28803	30781
21206	37426
23659	38744
28770	36306
23129	37325
22919	39088
26706	37840
23571	37834
25796	34078
30212	32705
21186	31584
29434	33204
23636	30958
25085	32822
25420	35839
29536	31398
30292	34826
26452	34239
21720	32462
28340	32479
26178	37723
24924	37753
22749	33999
28498	30357
23541	37164
24600	34467
29107	34220
29451	36970
29185	30399
25297	31727
21298	39335
21261	38356
22633	33040
23566	30488
24022	36885
23797	33349
22080	33538
22992	30735
28742	38458
27363	33586
21664	35554
28703	31595
27216	32147
26556	35351
24520	36821
27148	35059
29064	30889
25493	31095
26091	30936
23620	33609
24390	36078
21988	38408
23493	38491
21783	38565
22173	35257
21223	37191
21964	37383
24575	36216
24761	35501
24947	31383
28100	34037
28985	37814
27538	38099
24375	34917
22045	31850
26615	37122
24337	36785
29072	31019
25897	32196
25639	38941
30075	35714
28747	30623
28567	34551
24716	38978
27197	33351
26337	35303
25996	36329
22265	37291
22752	36725
24964	31104
29225	33746
24338	37633
27202	32162
21693	36086
22456	39425
27263	36138
27039	36934
24918	33053
27232	34576
28469	32171
25175	33911
29905	38739
28414	39417
21758	33496
22345	34995
25302	34888
28661	33172
29401	31636
30227	35775
23692	34114
28806	35179
30116	32153
27474	31573
27945	30879
23799	37707
25363	30776
22143	30849
28505	36634
26931	33621
27685	37154
26463	30709
24256	33705
21969	36997
23862	32895
28956	39110
23121	37838
25761	38725
24676	31163
21656	37364
21797	31465
22369	35831
23270	39168
22310	30919
22828	34691
26808	37273
26517	37876
22006	34960
29810	31798
28811	30421
25484	30451
29880	32575
27764	33791
23912	34443
28224	39133
24649	37663
28387	37163
22652	30788
29702	32459
27820	38283
27347	33846
29643	33472
26270	36999
29438	39455
21761	32020
26219	32894
28517	35494
21078	34409
28791	34149
26582	39413
27628	33215
23570	32086
22253	33667
22921	35984
23878	34011
25453	36956
27792	32678
21028	36293
22285	36507
25149	31765
24118	34595
21037	30506
23788	39221
27079	32312
29962	34856
29765	37285
25073	35893
23350	33369
24806	37134
25651	38130
27790	34785
21832	34123
27602	36106
24588	36875
28689	32744
23252	31241
25320	32666
25774	38955
28363	39231
27183	34018
26503	34720
27927	37595
22093	30957
24330	30563
26965	34984
24294	39266
29640	34621
23344	32838
25992	34000
29445	34172
23522	35011
27361	30904
26853	33619
25470	30640
22926	33485
29084	31320
26869	39135
22439	36721
28860	39339
23063	38371
23749	36557
30184	31260
29266	31790
28483	33748
22418	34782
30049	39468
26940	33827
22222	39107
24741	32964
29599	33807
25327	30780
26271	35717
26257	34166
27417	33857
25406	33677
25013	35636
21653	30755
29360	39584
30001	32074
24443	33723
25123	33544
21575	38593
29755	32116
22862	36122
29773	38919
23291	39575
26986	30452
29060	33870
22541	32187
23180	37223
27667	35828
27843	37888
21782	34659
22643	33379
22626	33044
25519	32388
28004	38085
26414	34824
22933	34200
29628	36973
28702	34266
29556	35965
21166	35357
29349	34372
26652	31943
29584	30844
29246	32155
27266	34891
22445	36292
30313	38104
27022	36793
22624	36605
28223	34703
29290	39150
24740	31329
25743	39252
22398	36559
27920	31796
25183	36637
25594	37652
21003	37202
21633	35803
26954	33041
26205	31162
27233	31090
26576	32551
21050	35031
21112	35200
24315	35888
27462	31863
25886	32807
28454	34528
28751	33003
24928	34424
25573	34160
26369	36720
30154	38388
24356	30326
21700	37066
26737	35572
23313	31070
25478	35333
28515	32339
25113	37083
22215	32412
27515	38070
24145	34564
22512	38629
23385	30381
28079	37778
21623	36205
27444	33959
25160	37411
29322	34236
25673	37541
23439	33940
21809	35792
27741	36804
22185	39591
28024	38617
25164	34796
29976	37091
25842	37964
24188	36330
24694	32578
28737	38090
27076	38607
29164	32105
27230	37104
23688	33618
27189	33565
21723	30841
25857	33653
25033	34332
29244	36305
23929	32627
21971	39446
29892	37641
24617	31670
28825	32224
22856	33368
22502	37733
21941	37474
26444	39396
23496	37741
24916	30750
23188	36176
23179	34050
22808	31014
21606	34366
26795	33298
25446	30427
25922	32970
26489	31752
29201	30903
25060	35579
27633	36606
27734	37694
27060	37020
24249	36743
21591	34026
30269	39307
22149	37226
27120	36569
28819	38217
22347	35630
21410	36758
23497	36503
27654	36476
25457	35493
23284	32315
24977	35611
24933	37414
27059	37774
29925	38620
23146	32247
21752	33813
29731	38861
23556	32354
23755	35762
27834	39323
28047	33714
24802	32868
23521	37792
22700	31044
27063	36870
25658	36110
25576	38486
26830	35313
28682	35516
22252	34769
23728	36022
29174	30353
28425	39483
28720	32160
23921	33226
21220	30455
25146	34413
22290	32776
21467	35097
28159	35154
30032	38236
29685	38579
21698	38181
27426	36618
22015	30704
23415	38313
22946	33314
24756	31627
29898	34586
21810	34044
28178	30672
24045	38999
21754	37008
29753	32473
21289	35219
25011	37516
26254	33520
21992	32560
27451	37238
25859	34056
21030	39398
28815	37820
23999	33567
28900	33882
23689	30856
29745	32563
25677	34635
27486	33638
21023	39534
25930	33250
26930	37337
28687	31922
29680	37431
21902	32686
29974	32410
27676	38756
21427	36199
27524	32859
23318	30718
22106	31183
30006	38275
26842	35982
30301	39403
27989	35114
22802	35983
21333	36962
27402	33169
25621	38411
26528	31060
21119	35557
28055	32943
23307	35593
27822	38317
29112	36824
28563	37739
29585	31771
26264	34386
27192	33087
25374	36591
26598	38337
27627	33731
21215	33607
23831	38887
24821	36876
21464	31699
24273	36742
23427	36711
29972	30448
28588	37210
22884	31613
21332	35240
23860	32567
26584	35748
29159	36685
29348	31345
25523	32296
27992	31606
25543	39259
26016	38077
21868	38174
26321	30933
25326	30560
29468	31671
22629	31382
29280	30567
27207	36322
28123	33569
29882	38025
28921	38778
22432	35285
22053	32759
23104	34669
24168	31024
27199	36718
28179	36215
29953	30436
21346	35397
26788	31451
26210	34077
27907	35335
29999	38373
27505	30423
29065	38503
27062	32982
26379	34402
24627	36682
21369	34993
22558	39462
26161	37384
21726	32565
28116	35883
29558	33202
22769	37252
23389	38944
23876	33251
23698	36422
27974	36026
22837	31747
28965	37359
28914	34092
28716	30528
27103	38386
25089	32714
24512	30852
21801	33815
28232	33806
30036	32309
25246	35186
22014	31164
25993	34069
22767	36023
30287	36663
25927	38254
23622	37484
29616	34852
25503	32078
25959	36085
22852	38072
25294	31085
21252	32577
23432	38991
24182	32646
25044	31738
22668	32809
27294	33713
21893	37331
24919	36115
28715	36403
27480	30593
29234	39373
24060	30795
27761	32927
22559	34574
21459	34483
28735	36994
21727	36332
23643	32310
26306	32745
23242	30667
25376	32203
22561	34929
26162	30464
27674	34682
23073	32067
24467	39183
28516	36151
22379	31913
23233	31648
27050	38151
29371	35908
25328	38854
22160	37237
24286	30890
26789	35460
24771	39053
30102	33181
28243	30944
27485	36380
21559	36124
29409	37584
26727	30365
23882	35626
28612	37360
21578	36775
21317	34355
22363	33084
28865	32502
27745	36835
27201	32673
23917	31207
24646	33684
23531	36894
23458	32503
28471	31425
29381	36166
27887	35255
24166	37030
26001	31247
22809	37196
23018	31525
23414	32069
30260	31553
29948	35896
27432	36427
24265	32899
24556	37263
22475	39122
29923	33248
24078	38094
25015	34007
22416	30662
28884	33869
26076	34684
27011	31735
22394	38169
24851	38896
26119	31614
28955	32871
22524	38842
23900	38613
21275	37994
25476	31295
28162	38473
26941	31839
26334	38167
25039	34061
24799	36184
23025	32172
28671	33253
21790	33183
24635	36555
26519	36173
21943	38166
23328	36339
28665	33529
28740	33388
27839	32879
22621	36079
30066	36965
29831	39098
29743	33132
24768	39311
28009	36445
25387	32645
25530	35406
23416	37085
29629	30926
24072	33282
21377	34955
30044	36837
23234	35604
28052	34511
22371	31760
26748	31741
22169	38001
25336	34392
22094	33605
25147	34895
24150	39494
26564	31473
21722	36666
30124	38924
21612	32989
24033	36560
29913	34059
21418	38124
23090	32558
27551	34673
29000	37159
23594	32042
29314	33690
29712	31528
26417	34930
30216	38344
21158	37865
29572	39502
23552	34404
27812	32499
26332	30581
26371	31054
26434	38683
27610	32942
22010	39123
28252	38990
21706	32346
23849	38706
23779	30995
26683	37767
28605	31059
27942	32833
26698	39046
30161	36296
24599	38462
22350	33861
23470	38655
26113	37374
30090	35212
24472	34440
29050	33824
26682	30900
21026	38396
28553	30342
28802	34870
26309	37559
27981	30774
25784	32736
26831	39163
22141	30802
27321	36822
27875	32615
30061	36883
27012	31658
27287	34311
21728	31963
30096	37621
25135	36261
22838	35054
21613	37637
22739	30619
24007	33599
22224	35975
25225	34097
22557	31073
30221	39397
29502	34525
28925	33459
28573	38390
25207	37827
28713	35664
23087	31763
27725	34285
28670	32026
25936	36227
27371	35449
26292	38291
28478	39467
24986	36786
29499	31132
27830	33318
25432	31387
24513	36497
28029	33916
21164	34609
27093	37615
21848	34864
30267	36745
29026	38251
25288	33418
26786	36298
25932	35627
22098	38268
22267	34414
28368	35901
25397	31668
28986	38889
24464	34201
22171	31914
21820	30937
23673	36772
25096	32591
27337	36816
24522	36188
30153	34310
26587	32156
27436	38018
23438	35052
25741	39542
30035	39333
23843	38382
22846	32295
24841	32969
21065	33362
25502	33910
23323	35871
24187	32919
25823	36028
26343	33711
21804	36140
25902	31358
23798	32272
28748	38968
24159	33290
27302	33550
29517	31198
22480	34083
21879	31464
28372	35574
21405	32185
25255	30829
25541	37496
26823	39298
25665	38873
27910	33851
23669	37502
28134	32690
30187	33864
29145	31911
25976	36492
21546	31672
26674	30800
27652	33941
23510	38187
25401	34774
21625	35744
24507	32273
22208	36798
28145	34798
26849	38447
26743	38750
24446	35914
29313	35700
25184	34834
23665	30832
27052	35818
23511	36868
28187	35578
21496	37877
27391	36907
25142	33287
27338	36475
21915	38484
23756	38422
29422	34446
25870	30540
22365	37938
28427	37344
24581	30491
25057	30769
21224	37108
28412	35642
23601	36684
22302	36412
24503	33938
29236	38301
25973	37853
23016	34279
27328	38764
26537	39470
25136	39210
25560	32143
21713	32063
23542	33645
29394	32469
26376	36650
25265	33965
24939	38882
27892	31057
28826	34615
22380	31770
21829	36194
27647	35116
26637	38971
22376	38302
22538	36628
25095	32280
22028	31182
29307	32267
23426	36750
24664	38430
22528	34509
25469	38608
29560	38582
21243	34789
22965	30598
24292	34954
26809	36504
29334	33146
29173	30991
27290	38258
23202	36800
24697	33778
24031	31805
26150	34713
21295	35523
21487	32715
23950	34185
28274	30973
22228	30955
21225	35979
21875	31736
22826	33177
22847	36988
24737	38587
28328	36273
23918	38252
26650	39152
23919	39144
24565	30636
22104	33934
21032	31096
24543	34925
27048	33211
29071	31034
28984	34794
23986	31487
25776	33168
28139	39471
21190	36701
28319	39481
26879	34393
26818	36337
25910	30591
21751	33030
21322	37051
21121	30661
25671	39265
28195	30778
21216	32878
28710	38372
23043	37473
29626	33110
22027	37340
30173	31453
21955	36220
22640	36671
25148	39059
29331	35067
22987	31589
21938	38622
28891	32284
28278	33665
23182	34248
24624	31679
25678	36319
22162	38884
24463	33930
24536	30838
24410	35570
24781	38351
29312	39047
26357	34802
25675	30749
26402	31362
21450	36444
24312	34207
23490	36232
28182	39245
29777	31877
27804	38581
28801	36108
29720	32307
27975	35374
30253	37751
25550	38026
21167	37932
29508	31338
22246	32787
29986	37692
29036	35885
24702	37604
29850	38584
28059	30657
26588	31508
26245	35741
29954	31729
27750	39145
23850	39574
24342	35921
28743	32424
21092	35358
23906	36101
23824	32303
28530	38292
28392	39191
22799	33346
26700	31906
26511	32703
26278	32099
25141	35372
22687	31071
25107	32163
21684	35991
28021	33859
29202	35456
23924	38315
22340	37417
21663	37032
25887	35731
29935	38385
29042	33412
27372	39552
21686	31818
21534	34701
25655	37449
22999	37088
22274	35461
21365	38841
23744	35690
23701	36286
30180	31098
30268	36161
21071	34403
21849	35045
29275	35160
25106	36042
25496	33315
24088	31392
22186	35139
24528	35698
21899	30803
29690	37125
29590	36789
29809	34706
28730	33948
22342	34216
30019	39262
21889	39066
25448	32205
21454	38288
27946	30748
28338	37564
21305	35949
28076	32282
24065	34354
21755	39228
21141	36371
27931	35073
25197	36231
22140	30412
29433	37355
23762	37072
23880	37105
22792	38892
22813	34994
26130	31807
22754	35275
21452	31891
29111	33836
21240	33547
29149	37805
23735	38452
25520	35586
27668	38160
29487	36619
24867	32485
26669	39237
29567	30410
26230	34187
22560	39217
25697	30380
28348	33104
24270	38131
28978	37936
23852	31886
27871	33050
27966	37432
27335	31503
24652	35276
29267	36413
30259	32274
24176	34608
25894	33532
22390	38143
21514	37605
24003	31212
25670	39082
29751	35668
21155	38296
24077	36979
25521	30562
28631	36463
29553	36509
30245	35180
29057	33294
30279	33286
24474	36064
27944	35172
26659	30406
27274	37069
29105	30393
28533	32987
22748	31386
27838	37324
29507	32876
25836	31283
27813	34599
23101	33163
29700	31639
28750	30724
26184	37551
25727	36524
21674	37736
23334	36779
24100	36021
27220	36955
24567	33064
25685	32391
21854	33970
23887	35470
29142	33262
26401	34205
21228	39024
21341	35503
25659	30446
23097	37188
29483	33837
30241	34760
21444	35479
26222	37298
24124	38464
28674	39078
25346	34447
30237	34229
29671	33284
27319	33440
24309	37405
21263	35591
25035	33073
25660	37854
30157	32858
25293	35702
25581	36572
28407	35963
22732	36456
24041	33927
30119	34358
25019	36478
24192	32095
21313	34034
24759	38787
22632	35309
22041	36863
28673	38769
21397	30555
27963	35046
25439	37617
29309	31857
21593	36549
26143	37481
24355	35338
29287	34221
27932	37162
26860	39077
24713	33031
28615	34948
25238	36972
29456	39528
23006	37096
29653	37142
28829	33360
23650	30429
26685	32524
23152	39352
21122	35036
21064	37582
27495	39316
27165	39096
21010	35178
29718	34373
28189	36243
23425	36888
29921	38488
24715	37347
21990	38287
29523	32112
27522	34189
25538	38209
22441	32875
24839	36539
24571	34566
26732	36204
29216	31454
30022	36474
28581	38055
26209	34497
27534	35127
24993	35163
21582	37308
24190	38465
23778	38972
28069	34771
29825	39517
23034	37406
30174	34949
21648	38943
25204	34494
27947	38649
23589	33229
28304	31368
24367	38474
26450	35811
28289	37665
21302	33219
29861	35705
21128	33946
24086	33997
29254	39050
25488	35764
27759	36913
22956	31271
25797	35277
24531	32741
23609	35143
29252	31143
28705	31522
22611	34429
22125	37960
21691	33492
21647	31910
28818	38866
24422	36541
25221	35729
29868	38516
24351	39379
26462	36556
30167	39321
29400	35891
26629	39166
26550	30496
21210	36267
24290	39127
22133	32621
29498	32816
29839	36508
24904	35382
26295	33929
24613	39212
28045	33088
25773	32027
30217	31242
22549	39360
27994	38320
28547	34313
27738	30482
25850	30935
24566	31665
22859	30899
24793	37197
25731	39065
29587	32849
22747	39116
21858	33992
22594	38667
23476	32574
28503	32421
26418	34463
24910	36160
25413	38221
21599	39368
27325	36595
27116	38106
21682	39469
22338	30386
29750	30775
21042	39235
23740	31909
25006	38383
21587	32855
21197	38427
27340	31370
26461	32892
28050	33221
27503	37158
26197	31172
23441	34043
22307	33651
24263	34208
28784	31230
21750	30604
21264	31945
28832	35264
29430	32151
24339	30539
23590	33736
30093	39593
24770	38201
24908	37358
22959	35500
28949	39500
23951	38741
23544	37380
28359	38636
22327	34431
27536	30861
28649	30497
26857	37052
23816	31992
24778	35444
25937	37544
29516	36186
23253	33862
24692	37048
24902	34880
28017	34690
22893	33252
26078	34484
29830	37712
28766	34656
23022	38906
23064	32180
25191	39029
24025	31086
30210	39319
28727	38776
21890	31605
29990	33805
25733	38329
30311	36746
23719	33570
26987	37624
24838	39019
21234	35760
30067	37204
27936	31395
25422	37780
29961	37973
27990	31428
25185	34710
24091	38444
24420	36587
29807	39247
26767	36714
28403	38442
26712	33034
22402	35699
23626	32606
23714	38030
24380	36702
25590	38981
21425	34381
23077	39035
29457	39308
27925	32265
29485	30466
27755	38118
22784	35443
27286	36130
24069	31168
27863	37097
30073	34096
23332	33506
21038	31434
24477	34106
29196	33949
22785	31180
26644	38031
25198	30866
26085	31331
22906	37508
28972	32586
21979	35363
21878	36223
26530	35426
29137	32742
25998	35655
22403	39186
22277	34506
25834	36251
28877	31316
29213	32242
23294	38501
29265	31117
29651	32427
24637	30473
22916	38656
25711	35466
26817	37042
23942	37109
21846	37705
22789	36536
22352	33413
22900	35107
24979	30359
21163	39284
28681	39345
28772	33762
25878	37895
27074	39382
24490	31215
27762	31883
28310	31441
21292	34222
26966	36143
29238	38015
21396	37720
21309	36142
25312	36531
23190	34084
23036	39120
30110	34687
21236	39576
24173	36938
26403	33489
29130	38760
22973	37835
27692	33069
28355	36136
27836	35771
27516	39505
25654	32088
23347	30984
30310	33149
26799	31559
24029	38010
23021	32907
22759	33716
27377	34259
27071	32973
23431	32613
26800	31981
27561	34797
25090	36767
29436	38914
28095	34384
27299	36245
28694	36516
28572	32845
24898	34709
22165	31797
21967	38869
27582	38065
22036	35804
30307	32701
24560	36390
24533	38023
22348	36784
27107	33190
24927	34341
25795	35175
22097	36985
22095	34040
21806	35039
22257	37562
29034	32018
28878	38040
26579	36916
26756	31502
25358	37724
27196	37545
27121	31106
22411	34027
22091	31353
29856	38081
27541	34583
24988	35881
23791	35551
23375	32404
22937	33905
22301	31083
22387	33756
26749	32093
26080	35040
28325	33134
27587	39306
30300	35646
21091	30369
26240	34389
27916	36102
28812	31725
26936	37513
29621	31417
29491	36480
29425	34470
29193	36765
26885	34093
24126	32598
25010	30902
29494	34531
26363	32985
25586	33222
22024	34045
22518	38336
29222	39560
25792	31049
21494	33817
26164	35150
23750	39189
26535	31766
26228	36780
28656	38370
29500	35043
28186	34507
25928	34488
23637	33678
25380	30959
21738	36774
25873	32889
24984	32416
22086	30317
24214	33872
22568	34592
29467	37478
26453	31640
28991	35598
25604	35875
24140	32961
29053	39201
29756	38514
29335	31246
26010	32165
24835	31931
22032	35373
24288	30503
27463	35375
28173	35174
24481	32784
27461	34176
27781	33447
28430	38346
24268	34829
26283	30857
23136	31178
22726	30320
22951	34757
23400	37216
25087	31406
22796	38056
26717	31149
22037	38310
26159	37318
29264	32302
25979	38532
22587	30646
24622	32139
26097	38921
26880	31166
27247	36310
27539	37055
28371	37534
25858	31333
27566	34721
21603	30611
24849	35797
21445	30810
22129	35328
22750	31536
24225	35997
24540	36892
25061	33724
23682	35424
23019	38064
28797	31975
22728	33497
27881	34811
22249	30768
25305	32401
25704	31350
23213	37555
25718	37754
21303	38397
28494	36987
30111	31409
29726	37315
28446	37799
30290	37145
27600	33936
25395	34818
21246	34309
23675	31956
28236	35323
28285	32423
24803	34988
28596	36156
24052	37209
27823	38328
26266	37192
26116	35869
28166	34028
22832	37630
23251	33772
21548	37557
25544	32633
26454	36922
25653	38185
30105	38998
26073	33675
29678	33981
21813	32886
28008	37479
21777	39313
29082	34070
26926	32352
27518	34681
22663	31600
24561	39151
25335	34658
23638	37389
27077	37600
21184	36553
22790	32022
27056	33893
22114	34815
28185	36561
27880	34533
23067	34606
27872	37978
24960	34080
22981	37368
25434	39362
21479	35452
24539	36113
26757	34387
26177	31947
23264	35910
27125	33921
29675	32398
25145	31892
23990	30771
23969	39589
22733	32132
29218	37959
27808	37250
26041	38437
28245	39580
25716	33018
22039	33838
24125	36483
27309	39554
29902	33899
27162	36284
25605	38952
28220	33874
29179	38678
21996	34832
26846	37593
23554	31472
25051	35824
29397	38509
24642	34919
25971	32972
22903	34425
29299	35071
26985	37928
26440	37143
29601	38048
22158	35238
21860	30960
28979	31498
24936	37506
28501	33988
27998	35742
26274	34268
24625	34241
23177	38035
24608	32840
26081	37526
24501	31916
27003	37858
21168	31036
28317	38796
24109	37255
29588	31844
24994	37361
27782	37179
22226	32780
21043	37281
28792	34199
29644	36395
22429	33450
22382	37944
29740	39275
21953	37588
26976	32683
28654	35877
27468	33439
29080	32614
27154	32311
25818	37590
27937	31078
21373	33046
25357	37536
22370	34943
23109	38628
21710	33016
24895	30595
25584	37844
26585	38009
23401	39057
23304	37800
22000	32477
21432	34765
29207	33843
27453	36826
22954	33920
21061	34314
28190	30888
25596	31040
25249	39067
25798	34107
22963	35905
28707	37786
30070	38814
23471	34514
21773	37812
26961	35462
25237	32803
26513	37456
24586	38650
26137	37530
29412	36805
28942	30620
26549	36977
29067	33483
22510	37009
22840	39033
25169	35890
26713	38265
23469	33001
26088	33757
22354	38541
25138	34344
21318	37910
28706	37079
23773	37498
25802	36736
24117	36287
21817	31194
26216	31407
23513	31426
28543	35812
26929	34367
24689	33523
21094	32317
21299	34225
29851	31734
26957	33760
22515	36500
27814	38413
28721	37548
27136	32486
29166	33954
26424	38429
30298	38774
24579	33402
28545	35552
27326	33680
27684	36391
25587	34173
27333	37356
24532	33405
24247	34784
22323	37900
23454	33135
29716	31319
22795	33421
27964	35340
29710	38797
22665	31062
29114	30976
24276	37761
22883	36989
23802	33067
21056	33769
29104	37343
25856	35974
25042	32754
29805	33117
29579	39344
28883	39330
26190	34588
28888	31659
27898	33782
27225	37903
21126	30675
27771	30520
21919	35858
21323	35457
21512	32725
21113	38510
21543	31526
21841	32634
25695	35288
23922	33102
22001	33414
24591	32019
28026	35663
23386	38226
25803	38457
28597	39432
28043	33868
29088	34604
22588	33130
23178	32460
22885	32488
25295	34770
26616	39178
27393	30693
24453	31158
27339	36099
29005	38829
27479	31769
21070	30633
23693	30920
26631	37029
25392	31412
21137	33277
26499	32990
23874	31015
29708	31047
28083	32450
30030	35581
25321	38949
22283	38156
29938	36460
24130	30629
24148	39246
29737	35157
22335	35736
26101	30603
25116	32554
27569	35958
28066	33454
22924	37992
22071	37492
21143	35439
24915	31745
26518	34550
28172	33371
22451	34435
29129	36435
25026	35996
30127	32123
22850	36937
30083	39099
25630	35137
23465	33490
27732	35737
21060	32522
23394	31647
28254	38401
24883	39056
23864	34836
22385	32852
28506	34749
22609	37074
29870	35785
26106	34630
28790	38133
25023	34594
22407	37926
27897	32639
25582	30668
29757	31968
28613	37527
25192	36963
23970	38083
21385	38202
29432	34062
27985	30954
24426	32149
23672	38249
22315	36067
28696	35359
30018	32767
28668	32035
28147	35697
28303	38662
23055	39018
22509	38402
25440	36849
26317	37728
22268	30653
21044	38589
26670	31937
23582	32769
22221	38101
27611	31545
24976	32369
21545	36708
25901	37382
30178	37187
26329	36564
24782	39540
23248	35675
25977	38679
22239	32263
29630	32044
30056	38285
30236	32756
28524	35146
26562	36409
26746	35707
23784	32387
22260	33051
26269	31832
29363	38375
28357	37700
25708	31021
30043	36929
28062	36771
26368	39427
26914	37321
26227	34598
22595	36424
21311	31682
21834	35250
24645	35009
21319	38019
28522	37464
25109	36219
28796	32489
30048	32047
25315	33781
22184	35390
23127	38333
30213	36704
29490	31930
24725	36647
22516	31459
28587	32720
22242	37459
21763	35522
28585	38912
21799	32293
28684	31205
24363	38864
21503	37732
26170	34654
24116	35735
23231	37998
29473	32034
27706	32610
22920	39565
21821	31810
21483	33620
27763	39087
23460	30868
21886	34260
21666	33321
29039	31299
26047	34052
21573	32839
28436	37891
26154	30707
28463	36865
23897	38563
23499	34464
25262	34405
24555	37301
26173	35799
27665	31077
26813	33572
23702	32084
28745	37428
25472	30820
27896	31259
21605	31631
26310	30981
26204	38938
30271	35925
28570	36722
24518	33842
24299	38913
29162	37117
21585	31696
25037	31903
21528	30892
22488	38792
29952	31281
22263	36768
30109	37708
25166	39539
25070	31273
21057	31561
22460	39518
22596	31013
28511	37081
23936	30969
25261	32773
22381	37971
26066	33038
22466	35492
24110	31063
25343	33230
26428	31272
27765	30484
23989	36982
23785	36810
25838	33499
26340	35751
27124	33210
30087	31896
27386	30325
27041	38214
29849	33704
28099	37437
24945	39416
24461	34250
25239	33332
25206	38564
25460	39162
25182	34148
27235	37788
22135	36971
22118	30796
29949	37320
22408	33319
22126	31424
24688	38789
29968	36383
22637	33871
22052	37543
26546	38323
21884	36936
23754	39372
23112	32466
27473	37418
24121	34408
26176	38727
25296	31993
26506	37272
24597	36167
30069	35068
24754	38392
27336	35482
23996	38719
21614	32214
23782	30702
23507	38140
24866	37803
21556	38585
30078	34168
26351	38888
27251	38759
22281	36976
28242	38673
29243	35431
25088	36007
24592	33328
27358	33389
28085	37923
25385	37672
27742	31011
24574	30432
23245	34147
25954	32661
22333	32349
22688	33009
28447	38699
28385	38651
23041	33810
28354	30493
28879	35607
21930	38989
26232	30942
21331	39551
23724	35398
22494	31244
27595	33776
21847	36723
21586	34315
23258	35938
29231	32409
21423	38783
26521	37472
27984	35988
23557	34082
24347	30499
30303	36631
25840	35629
23494	32655
26398	33350
22413	34617
28616	35502
24487	35316
24134	31309
21968	33059
27288	30468
24217	36376
25601	34816
25299	35582
21595	35037
25885	36764
26569	38050
24858	38863
29605	37310
24101	34481
22960	32738
29547	36510
28611	35889
23789	35580
23225	34812
26671	36137
29411	33654
24089	35413
23520	36246
30247	32687
25738	35051
21530	36314
28873	32184
22393	32100
26812	32046
24415	34779
29376	30334
21156	33194
24807	36806
27344	34616
28335	33898
29581	30753
21386	34607
25303	33659
28379	35371
21561	32789
25628	32570
26970	33973
21473	30761
24869	38546
21621	35343
24258	37809
24386	30638
23348	32893
23051	37402
24950	32854
25699	37264
25382	31830
21247	34962
23538	36920
23162	37063
24439	38876
30291	35094
30277	35710
27800	31402
27023	36071
23144	38531
22269	37183
22020	38137
29792	33543
27638	38121
22204	37319
30272	34775
21104	35169
29732	37782
28726	32692
22774	39002
26436	31694
29834	34460
22794	33719
22166	32750
29367	37370
25703	38936
24901	38110
29992	35634
29048	34014
21287	37247
27597	32836
24819	39493
25534	30729
23346	31921
26367	38586
23684	34231
26525	38550
21665	37031
30012	39354
29049	36360
24013	30510
21598	33895
21194	34674
23170	37257
22349	36400
25781	34847
29564	37735
29778	37553
29713	38604
24228	32051
23947	36098
29654	35987
27768	31250
27917	31476
23193	30883
30060	37114
29600	34772
28699	31714
23743	38735
22395	32821
26992	35099
21924	37375
26189	30637
24795	31538
30145	35135
25540	30590
24155	36996
30297	36038
28882	33852
30101	37846
28518	36790
23736	38785
26082	39444
22262	31469
30021	35660
25402	32649
26663	34478
21882	36579
22237	38920
27158	34256
28194	39277
29735	36886
27142	37676
23668	33255
23593	34906
22018	31638
29794	31181
27303	37815
23393	35635
24801	37149
23941	37628
27055	34438
29582	38765
24277	39359
23008	36706
25121	39573
23777	35787
28261	37636
27323	35206
26847	38611
25985	39154
27177	35776
28143	37619
26050	35267
21114	35270
24943	34584
29260	36602
21855	39233
23982	32681
25269	39578
28540	37212
22817	37452
26792	35469
23629	37422
21012	32395
28685	37977
21120	30877
25875	35378
27874	35295
29804	34217
30136	35236
26419	30812
26899	38930
28464	34614
28593	30884
24587	33925
23142	38469
28457	35864
26688	33308
25052	33273
26655	38653
21581	32679
22821	31048
28697	31840
27550	36260
26057	30408
21027	37113
21262	36759
25317	38348
22431	36908
25172	33622
28624	32963
30165	36739
23380	32478
27378	38368
26988	37626
24405	39461
22674	34209
22696	30738
29858	35973
21320	31822
25536	33317
29734	35435
28331	35407
25307	38078
23184	37403
28773	31826
23429	35937
27343	33500
24926	34516
21519	30516
29161	38135
21607	37322
24671	31145
26117	35421
28981	30471
28999	38071
29637	33517
28432	33602
27883	30965
28118	32657
26553	37537
23250	37021
29495	39034
29955	31186
22738	38353
24934	31829
25268	31042
29168	35850
24876	34198
23662	31155
27399	36328
25578	34215
29995	37893
26268	35327
27795	35763
27653	34428
23873	35280
30305	33411
29648	36947
25156	30500
28490	39020
25559	35434
28599	36506
25580	34174
23737	31928
28006	39280
23451	38850
26725	30872
29271	34890
25913	32706
23191	38044
27831	31436
26915	33991
23955	34904
30125	38859
28264	37260
29786	31462
24509	34057
23098	39438
28526	33701
29682	36890
25260	39179
24511	39439
23648	36877
29747	31880
24211	38645
22244	32089
25494	36737
25364	37796
27859	30431
30100	33637
27318	34111
27549	35805
28149	39571
24709	33451
21747	37441
23409	35873
29533	31262
27921	37618
27884	34455
27641	30850
22183	39475
29687	31486
29251	31467
26377	35571
21622	39081
22854	36270
23581	39532
29086	30340
26086	36505
25150	34427
23971	30686
29819	34434
27219	33691
27707	39007
25804	34110
22915	36681
21400	36869
28203	30772
29373	32924
26404	39504
21005	34732
23591	32739
21102	30373
21850	32723
23739	35857
30088	33419
26036	30366
21278	30835
21668	34140
23830	31723
26443	36467
25600	34537
27061	35594
27986	35723
27558	38737
28789	35081
25837	32576
30198	31051
28952	31579
29210	37927
22811	34652
22132	32530
29497	34353
23049	38290
25624	38665
23654	31408
23801	35293
24708	35892
24049	30627
22820	35562
28756	30414
27095	38993
29661	39586
25036	35013
25981	36866
25053	35969
26543	32965
27091	31953
24506	36017
22908	36265
21811	37650
30274	33628
24951	39167
22100	30847
27817	30826
22420	35060
27554	38634
26554	30530
24995	32244
21776	37947
22979	38826
30005	34510
25065	38763
28691	32851
24300	30670
28776	38734
23000	31885
23635	38227
21087	39447
29175	33079
24081	32082
27618	30867
28846	33669
29907	36175
23787	36237
27697	38114
29133	32806
22545	35753
25170	30615
27899	31218
26049	32601
29677	37616
25445	34804
24318	33656
29061	33892
29554	35902
26063	31929
24137	38159
22708	31550
28835	31026
24160	32385
26144	31510
21272	31970
21196	33457
26165	34926
25953	38609
28248	32757
29922	30914
28058	35860
27956	34555
26768	36423
30211	37000
28853	31394
27905	38720
21041	33877
21856	31596
23222	36819
24971	39146
21101	32711
28073	33227
22686	36847
23640	31490
21481	30385
26348	36873
21054	33802
21375	32053
22076	38731
27159	37433
23002	33804
23685	38948
23795	38281
28749	36502
30295	39268
28455	34561
24760	36756
29973	37762
23286	30862
29936	37921
21946	35549
28210	31261
26990	36792
29760	39572
28313	33275
22592	33848
28951	30358
21357	31231
23794	30864
27068	32140
29223	33918
25159	31951
21439	38686
25844	34585
24139	37531
28148	34182
23984	34538
26612	36051
30309	32325
25833	39541
24492	30349
22450	37759
29399	35708
25277	35573
28240	35056
26390	36484
24073	33995
25163	34580
24433	36056
21362	37019
23891	34638
23979	39232
22535	34776
26851	37152
26027	35693
29388	35366
25588	38122
30206	34234
24189	34274
25757	38186
26633	34337
25828	31907
23901	37659
23108	30631
26276	36361
22529	30548
27155	33789
24305	33823
30215	36846
21472	35284
23362	33027
29586	36081
22066	35676
25819	35750
25768	39291
23550	39547
27664	36527
26479	33261
22723	35305
27776	36672
29878	39226
25373	35448
26733	31901
24281	33530
23433	32006
28037	34206
27721	36320
26573	34805
23011	37817
26822	32000
23046	38316
28351	34364
29969	30873
26465	33909
21851	34116
21144	38426
28002	37376
28871	35437
30224	37286
24974	34875
25074	30534
29460	30490
27415	31372
25572	37718
21219	37284
27864	35278
21306	34292
23381	34708
27605	33710
26229	35545
27577	35416
22904	35480
24009	33347
24499	38260
23436	32133
28989	31782
26020	31520
30280	35234
27977	32456
24357	30929
27434	33008
21904	30643
30017	34803
26469	36741
21150	37966
23247	35120
25275	33081
27787	36969
25492	31685
25623	30745
21657	32461
29867	39347
22787	36677
25352	35026
26557	32672
29203	31227
22187	37760
26912	37521
23453	38771
24860	32799
26431	38908
22320	36836
26035	38603
25753	38129
30112	35354
28728	34179
22400	39023
25174	38836
21903	32662
24080	36773
28077	34300
24233	32294
24686	37001
21735	32207
26272	39519
24129	33644
23694	35395
22083	35596
28961	38894
29783	33790
21791	30440
27388	38052
29689	37670
25480	39366
26716	39159
24854	39508
28115	37867
22804	38713
26244	36941
28938	33549
29542	31352
28176	38659
25067	34719
21976	32978
25076	31374
27260	32251
23703	36311
26566	38576
23289	32861
27915	35184
27182	34243
25667	31471
27680	35265
24605	38966
24104	35310
26147	30332
25350	30465
27128	30722
25467	37068
24524	37948
29187	37794
28170	33795
28443	38961
28560	30725
22046	34773
26300	31413
25153	37312
23107	37607
22547	37115
23398	33828
26179	38715
22901	39118
29602	35847
24373	31371
23024	37717
24576	31437
27002	31418
22414	31065
24207	32054
23588	30706
22614	39380
25831	34468
26796	33427
24397	35852
25650	34124
28214	35195
26764	37965
29950	35475
28658	32318
29463	37241
28298	31337
24407	33058
28213	34188
22642	31801
27703	38330
21702	36880
29404	33718
26736	31944
21084	39377
23212	38415
24878	33555
26875	36029
28075	37770
28643	34101
21235	32445
29431	32368
27877	32192
28957	31266
22388	32587
24201	30430
26246	30807
25340	37868
24644	31878
25967	37256
29919	33029
27991	36109
24848	38521
27221	33879
23658	35170
30256	35601
21901	32911
21540	34254
21617	37236
22661	32403
29206	35432
29126	31393
29054	32630
21840	33750
29439	39073
28655	31463
26500	35399
26392	34380
23163	34577
23607	33076
24496	38934
24998	38460
23666	37958
21731	36794
23709	35835
30095	35638
23311	34214
22280	39075
24808	30728
25916	30624
29453	32372
26774	39563
27911	31933
24396	34623
24494	35249
27195	33203
22671	32904
23295	37861
28105	34068
23312	39491
28495	37681
23842	38548
21202	31058
25394	30839
22108	38556
26193	34517
26855	38409
23468	32415
24618	38880
28932	38312
22873	38327
29749	35002
21277	31278
24317	31354
21905	34938
26060	30568
22521	39109
26021	38871
23358	34650
23716	32880
23333	36315
26139	38277
26107	33017
28881	30542
28001	32800
27129	30648
26200	31074
21209	36259
24245	35166
25059	30472
27211	33739
26697	34058
27951	32790
27565	34819
25475	31238
29549	30476
27424	32101
23084	36010
22112	35694
28267	33931
25099	32382
23123	34787
27030	31816
25567	33279
30141	38039
27038	30767
27171	32408
28968	33276
27803	33327
29881	35657
23945	33700
22452	32952
22079	37157
21923	38724
30270	32329
23879	34610
25690	30705
29916	35350
28306	30982
26665	33097
25698	36075
24377	35906
23164	30566
24505	39039
30132	30893
24672	32792
23211	32676
26647	38179
24324	32177
22397	33416
28291	37022
25086	33957
26466	31196
23256	35647
29890	37444
27448	36150
27510	34806
24392	33000
22021	31888
25227	37649
28136	33595
26005	39149
22506	38751
23534	30609
27491	35370
25510	33481
29090	34094
21741	32984
24519	32348
27888	37465
24349	35080
27034	34319
27853	35352
28966	36096
23450	35095
22406	39239
22928	34002
23266	39433
22779	30367
24000	33108
27170	33241
29899	32805
27357	38199
23103	34627
28233	30825
24212	33639
21074	36254
24651	38909
25348	31334
23065	38451
26552	32193
23486	38696
23392	36307
29573	39153
29552	30553
26157	36964
23224	37990
24680	37455
25780	35189
22976	38994
29848	37279
27854	36827
22099	30632
29617	38213
28094	36881
27140	36719
22192	36053
29625	38297
21739	32819
22583	39426
27490	39042
25500	34763
21871	35980
30129	31282
25758	36386
28725	30913
28484	35566
25945	32494
24279	35433
28416	34211
26611	31361
26935	35667
24371	37711
21983	34927
23738	33794
24184	33326
22275	33126
23623	35962
25347	33456
29983	33732
25602	39236
21222	32820
22437	37695
24769	39512
28362	32934
29603	31959
24331	39001
21173	30696
24970	35576
25122	36565
26485	36247
24411	35198
27719	37907
27753	34230
27878	38633
24982	32476
28125	38590
24955	35966
23661	36341
21152	30635
24529	31802
26600	33458
22138	32550
27264	31764
22765	32665
29182	30477
27166	35035
24834	38705
21661	35931
28459	34981
21699	33822
24911	33144
23473	34288
26168	39264
24873	37045
29255	34932
29141	36766
28034	34573
24582	39090
25915	38172
29729	35485
29565	34437
23530	36141
22321	36411
25788	35981
21569	38657
23927	33352
23015	34851
29945	34755
21387	36511
26004	31812
28712	31229
23656	38152
26838	32125
23987	38211
29872	37327
28902	34892
30033	35648
25219	36754
24596	37198
26924	32624
22317	32454
21685	33234
23320	32514
24663	35972
26382	30945
29656	34159
28376	35665
29009	36545
29904	38612
24669	37445
26287	37336
25423	37911
28300	32648
23915	37772
27906	31774
26695	32229
27902	36046
29018	33095
23089	37625
23395	38145
28191	33583
21900	35356
21337	32038
26890	33124
21398	37790
21887	31116
25832	35722
21004	33109
28322	32332
28288	31440
25489	30616
25286	32032
28349	33752
28765	37583
23321	32474
27622	34117
24038	39203
21446	32812
29442	31833
27307	32731
24289	37818
23009	36131
21127	34524
24752	39248
23012	34154
27096	30698
21314	39334
27368	36408
26641	36154
28039	39419
21510	37489
26824	35223
24321	35653
27948	35936
23343	34688
22819	30612
24136	32343
28950	35108
25506	34493
28741	38552
22616	37940
27089	31285
21123	34304
21440	32519
24227	35922
25481	33180
21544	38326
27186	31400
23964	32481
21517	38965
26380	34515
25334	38646
25193	34167
24272	31305
25800	36333
27867	36984
30133	35836
25668	36473
29177	35499
24232	31646
21538	32129
22540	34049
29248	35158
24473	39038
23058	38605
26702	35087
22023	38220
25531	34666
24634	32115
26092	34867
25008	32451
23479	30362
28912	31757
22128	32507
21200	38208
29147	37288
24170	39406
28527	36041
25931	32824
23203	31375
22771	30402
21959	36209
26110	35322
23352	31170
25577	30626
28290	34611
29934	34820
23027	34793
24667	30712
26876	35008
29793	35821
23653	33334
24538	38743
27119	35671
27375	34817
23466	36172
23397	38916
24880	30606
27300	39437
22553	35746
21404	38111
29339	35102
28644	36513
29977	39326
25710	34504
26883	34676
22142	39105
24804	34712
28854	32281
25244	38512
27210	33625
25631	36926
21553	34060
21488	39568
25941	38245
25016	37653
22628	32275
24675	32699
22952	30327
27143	34838
21608	35886
23813	35789
23731	32960
22563	34017
23259	38060
26303	37221
27837	36281
21676	34679
27134	32259
25934	33833
27621	37795
26109	39041
27712	34272
21716	34945
24475	31677
23484	31301
21456	37399
26480	39240
24948	32292
28405	31654
23491	38420
24242	35400
21780	36356
21740	36590
29576	31023
22493	36027
25640	37556
23630	36648
25692	34896
21207	35940
29742	36244
30228	37943
22496	31643
22917	30923
25125	37822
22878	34996
24149	31174
30077	30730
22914	37259
27374	37685
25311	30886
28199	32223
21482	34133
21297	30384
25999	34933
21281	35281
27017	30382
29098	38210
23069	32249
25782	39263
25760	33753
27104	37894
22358	37643
24199	39411
27811	38703
23935	31357
23158	38996
24135	33917
24327	30833
26932	36242
28028	37393
26599	35140
29655	33098
24208	34808
22701	39148
21288	33987
27624	34453
24578	35241
23411	32635
23244	32031
26947	37208
25280	36264
29390	35256
23727	38973
22657	36625
27267	38075
24829	35006
27644	30651
25054	37550
26507	32573
26301	30678
24302	33353
22089	38596
24842	30994
25585	33510
25043	34318
21808	31695
25689	38338
29944	35077
27366	33200
25266	35504
26366	34331
26282	32914
29417	35394
29285	36534
23351	34912
23973	33331
23712	37028
22564	30504
21100	37880
25583	34552
30168	36283
26677	31934
25220	31599
23793	36133
23500	30391
29013	36203
22218	38988
28562	31102
21689	34766
26526	39331
25338	32597
27051	32513
27238	39083
24633	34976
26668	31768
29263	32622
27980	35565
26945	35915
23524	37675
28225	37018
28958	30950
29008	37755
21372	34698
28302	32846
25167	31150
25987	36915
24020	35121
21117	35695
25349	31775
26920	31847
26181	35050
24015	34685
29027	30894
27108	38958
22375	32270
29998	34398
25563	36884
29055	33195
22318	35355
28237	30816
29727	37955
22806	37906
24875	34006
25542	35364
29528	33164
22229	37454
26730	37642
30040	33966
27111	39459
26861	32141
27833	30821
27537	34462
24400	35209
24267	30459
28936	36214
28777	36623
24777	36094
21652	31823
29688	37036
22479	32771
23110	32221
26865	33855
29347	39418
28895	39407
26567	36734
27794	38553
28450	34831
25143	37505
24526	36731
26662	30601
23505	32138
27113	31512
29378	39590
25479	32236
28850	33460
23523	37135
29577	36656
24628	35481
27031	37239
26015	38915
23516	33207
23586	32967
22969	32253
24925	33844
21045	31037
21509	34066
28251	31758
21250	34866
29802	35509
23537	32955
22677	39092
30207	38184
30042	32702
25991	33471
27332	34961
22436	31637
26540	34696
28531	33115
26709	35968
27862	35567
22377	33676
22213	36202
23413	38322
21451	36930
22461	38702
28128	38175
21796	36689
28221	33534
27584	33604
21853	38136
21133	30377
26850	32848
23355	34471
27373	36925
25486	36757
27576	35536
26856	36664
22841	33729
23898	32929
21412	37892
22961	30547
26267	37690
24508	32334
26565	37292
25813	39207
28762	31781
22711	37121
28067	38262
27737	33364
23555	31317
29156	32036
23606	39294
26146	39016
26102	33720
24872	34728
25083	39071
26950	33140
27557	36436
29509	38840
30284	35899
22641	31620
21269	33649
28451	34407
23317	31678
24583	32231
29917	34363
29660	32355
26071	35924
26745	32413
23467	37970
22766	35401
30278	37830
22207	37193
24340	30389
23153	38239
23657	32735
29979	35447
22625	35210
25942	31146
25938	38273
29421	33623
21701	37678
22458	36343
21934	38148
22869	34893
28933	30445
25748	31303
30246	31825
26426	31491
24577	31539
24471	39511
28160	32484
24332	37837
21580	39234
24336	35927
27743	30961
26263	37434
24185	38194
22422	35754
24886	34063
28704	32618
28759	31031
24282	38526
28204	32439
29604	34064
22178	38404
29459	32884
27526	35711
28906	38279
24961	32364
27818	30683
22038	34723
27574	31209
27955	33976
27292	32250
24032	38975
23604	36612
24142	31388
23920	33438
24401	38798
21712	33283
28629	37704
22578	31598
26778	32667
30140	34913
22977	35685
24196	36334
29276	31759
26385	37601
25245	31590
26361	30478
26013	38006
21838	36489
26212	38700
26673	38005
25134	36065
23419	39242
22276	31831
21531	38454
27249	35020
22945	36441
28321	32815
22324	31744
27971	35791
24417	31683
29883	38498
28249	31756
25728	36107
22757	33533
24929	30754
30255	34869
21611	34465
25965	38381
26810	35535
28277	38189
24871	30990
21610	38502
22061	34716
22768	34081
24621	33074
27807	32516
29920	30819
27441	33119
24657	39367
24114	30700
28046	34665
30126	33641
28827	33127
26760	32727
29392	37429
27145	31544
24269	37925
25080	35336
25537	39474
25919	31481
27973	35233
21819	38525
23200	31761
22569	35998
29846	32788
28930	36993
21086	31141
22818	36867
22539	32566
29627	34863
21406	38477
22673	35430
21697	34529
23196	39006
23209	30494
21399	35674
21662	37141
27876	38976
28345	32255
21539	30941
27106	39386
26991	30333
21795	30368
29446	34910
28700	36217
22362	34115
27092	38067
28358	37354
21218	31423
22877	33793
23066	37832
26693	35491
21316	37490
23767	37043
25860	38471
27508	38298
23118	37427
29817	31121
28061	35425
28785	31389
24602	34417
24500	36705
24436	32347
28022	34754
26939	39457
26158	38141
27406	34505
21212	34023
21354	39009
23094	33129
24824	35933
23997	36382
28539	31867
26834	31322
23138	38740
22881	36162
23331	35141
22835	32637
29649	33358
22131	30645
21552	37983
23327	34041
29746	33242
25702	31940
21189	33531
22831	35222
28843	38631
27273	32700
25571	37206
21424	33982
25485	38742
24298	33014
27472	32775
27879	32656
23241	32066
29416	34578
26237	33831
21729	31635
24238	33668
24144	35272
29971	38264
23690	38259
22092	33441
22491	36363
28607	35229
22412	38173
23558	33285
28343	37394
28266	36632
26028	31087
25909	36624
23765	31415
28448	35347
23308	31803
23545	32182
21213	33189
22259	30901
29662	32584
28041	36986
25168	37111
23488	36049
27313	34152
27894	38041
24017	30809
29738	35176
21824	32872
21233	33085
26761	36032
22289	34450
26545	38138
29311	34267
24733	34475
26133	38021
22793	39117
29197	34098
26580	35640
27057	34861
25416	33587
25353	30614
27959	33337
21431	39376
27036	37847
25900	33759
25429	30397
21493	36820
24222	35496
28861	34501
25810	35637
30293	37207
27570	39342
27289	31249
29937	34067
29701	33768
23528	33984
24823	34998
26217	38982
22113	31517
28816	32935
24619	38229
27240	31787
29474	31103
28409	38149
22764	31308
29908	30789
22163	31853
25226	32015
26497	31416
23148	36899
25487	32356
25258	30508
28787	33787
27018	36594
22503	32228
25443	31364
21781	36732
25966	34741
29167	34320
28429	34430
24240	37011
27084	34491
22565	33158
25815	36367
29594	39134
21601	39299
22542	36331
29960	35880
25644	34046
30240	38773
22909	32179
25835	37839
26121	33212
26916	34489
28177	35718
23061	33385
26563	37023
21888	38747
28837	36470
23390	37483
25881	37392
23282	32048
29180	33148
23371	30740
27547	35380
24647	35613
26617	39230
21522	37984
28271	32384
22378	35126
24732	35840
25963	37668
28546	35014
22459	35867
29191	30360
21411	35887
24892	39309
22217	38002
21420	34899
27421	38441
22691	36469
27058	37674
22551	37991
21407	37167
26277	39401
22181	37797
28263	38793
22199	38815
27573	36978
28036	32668
23363	33161
28513	37423
28817	38438
22855	33348
28161	32642
26195	39300
23149	35884
23745	39324
24460	38954
24983	35012
23181	33761
24549	32429
22057	31264
27967	33075
25527	37181
21105	38092
28627	32331
25250	37904
24468	31791
23651	37981
29232	35230
23145	36900
24209	32362
22527	37397
29997	37679
22474	37922
22077	31674
25839	31468
29501	34963
27137	34711
23086	33394
27806	30507
22586	31030
22571	32718
23422	38496
25360	35758
23147	36125
28641	39592
28489	31214
28479	34625
21602	32351
21480	32376
26609	33035
25956	35994
21643	33322
29125	32198
26286	31497
30233	34396
25642	37646
29194	35747
25365	34112
23195	33083
22085	35353
29657	37945
24677	37112
25173	38519
24965	33670
21570	36748
22148	33943
23449	33696
25124	33616
25950	32896
22391	35191
27203	35065
30068	39022
28943	32283
25468	38602
23747	38534
24001	37396
25958	34130
28294	36185
28928	30642
27037	36799
29308	35817
25131	35402
26320	33593
28007	37323
27455	38809
21391	34240
30182	36256
22299	32212
26333	30525
29393	31578
26937	39017
26115	35132
21558	36120
22581	32644
22047	30514
25252	35211
25568	38476
27257	37401
27007	37737
23642	35849
22247	33767
27496	36088
29900	31704
21039	39423
23508	33840
26892	38806
23166	37439
30015	33272
