24673	38980
22155	30589
27851	38024
25471	35313
21070	39307
26442	30732
29540	38228
28505	32541
24057	30286
23291	34566
22166	30530
21308	35768
26716	37709
22386	31783
21362	30303
27273	39315
21703	32950
28566	31506
29844	33519
21778	33713
21776	38072
25237	38917
28311	30244
21073	31810
27234	36020
25133	32703
26222	34121
27619	35285
22575	31261
22466	38157
28824	32031
25589	34749
26063	38603
23155	34976
29061	31132
26250	33175
23747	30623
25210	30266
29207	37264
26505	34115
21431	36226
28829	37815
29811	37825
28550	38737
27512	34476
28036	31044
21889	36992
29908	32773
28599	30257
27263	31626
25363	34143
25295	37316
25611	30913
21142	30583
23056	35872
21200	38560
26051	31938
25078	34918
29169	35064
28312	38979
27335	34012
28590	34978
24720	37961
21987	38968
24788	32182
24090	33862
25270	36182
26340	30492
22100	35231
27867	31929
24166	35107
23898	35219
21833	31057
21043	37245
29506	37755
26361	35710
26955	31479
24880	30568
22346	31488
26060	36710
29702	34041
29553	33493
27012	36968
22574	38915
23742	36183
25163	36245
27735	38494
27030	33920
24808	32539
26557	35044
29915	38337
23473	38241
29234	37804
26141	32605
23693	30694
24056	30347
24486	35775
24507	39650
24078	35367
28586	31538
22149	38502
25509	39306
22046	38414
28840	31017
24027	32129
28915	35087
22554	38758
27871	37610
23456	36535
28917	32954
23600	38460
26638	36772
21798	32513
24584	36591
29601	33243
28040	32938
23306	32639
26736	34716
22343	38415
24318	38671
26104	31611
27555	38002
28084	39458
26783	33667
29953	37767
24113	39287
28071	37043
28922	39161
24585	37369
25577	37972
24976	31699
22250	33872
29734	35443
25587	33584
28820	30943
21645	36803
26072	33819
23806	30249
23658	36603
21066	39573
25800	38385
28192	38670
26310	38196
27499	33703
27799	30465
28797	32868
22159	34802
24529	33267
21767	31392
24656	38138
22510	38301
30009	35972
28847	31201
28138	36438
24181	36374
29277	34735
25859	39532
27520	32230
23230	35824
28259	30550
23562	30702
27545	37237
22118	30871
25544	36025
25402	38092
29685	33691
22691	31077
24523	35432
29681	30184
29536	38643
22198	37550
24981	37864
27448	39418
23725	33381
23590	37491
23207	37101
29454	32797
22211	36770
25401	36564
26866	34297
29339	32361
23895	33957
23231	32765
22485	37636
24925	37512
22203	31745
29959	35566
27770	37056
22841	31695
21876	32390
26384	37249
26350	37789
21815	33678
26759	37852
24359	30796
29971	35702
21224	31646
28701	38391
27764	30284
21632	33583
21436	30746
23763	32056
21993	33967
23319	33579
22163	36084
25866	31157
25172	34242
25729	39399
23919	35998
28859	31720
22014	35158
29838	31121
26134	39241
23426	35908
28808	33873
28646	33511
26335	38624
29091	38663
24179	38026
22728	38210
29860	35569
21000	38719
28868	35612
27542	30643
26307	35227
24909	32042
25765	30377
23042	34974
24560	33139
26154	32279
26979	33399
26224	30609
21971	31540
29542	32432
24022	34431
28402	35988
24933	35028
28131	38946
23963	38193
28789	34345
23170	31040
27089	35305
25605	34831
29465	38847
28877	36184
29033	34192
28049	39279
28391	35502
23300	36125
25451	30200
21717	37400
26605	30237
28882	37062
25687	35756
22502	30957
28056	36112
29137	39511
26673	35091
21183	39272
29129	33121
29567	38813
27640	34223
23217	32011
22157	32867
27961	31870
27205	32350
26606	37836
21512	30316
25331	33727
26602	39521
25616	32179
22761	33824
25704	36918
30096	37375
22875	32143
24689	31304
23779	35744
27658	35384
27268	37887
23980	36882
22916	33195
24122	32401
24243	35471
28940	36966
27919	36121
25035	38585
29895	32667
29144	30406
24444	32643
28265	30375
26596	30440
23553	32363
26830	31537
25008	39368
23952	37713
22577	37485
26485	39076
21208	34155
25087	36638
21990	39343
25492	31308
27723	38498
22984	32933
21574	33245
21289	39585
25432	38999
25005	38817
29669	33230
25518	38181
23162	32961
26598	32062
24770	34532
24448	37040
23569	33627
25834	32089
28121	32611
27872	34086
23111	37168
22901	33480
25757	32840
24594	31563
24329	31256
21170	32993
30117	36419
26360	35428
28456	35363
28440	37336
25453	38674
26472	33555
26387	32105
21657	37295
23394	33775
29921	34917
21685	38883
28020	35462
28072	36147
21448	34213
24613	33731
23727	38677
22641	38299
23744	32540
25326	35921
22144	34197
21485	33820
24908	38360
28478	35880
26534	38772
27185	36904
23619	30524
22573	37856
28008	36469
24982	32269
23704	30581
23702	31721
26243	34488
25640	30519
25255	31891
21064	37362
23354	30343
28495	35197
23949	31237
21555	33332
26414	32729
22066	31895
29680	35644
25844	35755
27391	37191
22329	31532
26573	38807
22915	30809
26046	33389
24700	35215
30081	32764
27405	37784
25933	35554
23851	35742
22899	34073
27027	39510
24215	35326
29620	32227
26206	30202
27336	37232
22493	36484
28133	33207
29855	30719
23626	39001
23778	32900
21139	36671
21398	36751
26369	31422
21019	37890
22175	34114
22957	36022
21825	33620
22363	35637
24611	38273
23198	34829
27016	35698
21936	33209
29565	33492
26071	38471
26876	35092
28467	35476
21614	34018
22248	33148
27454	36884
25737	32372
29878	30870
24355	35377
23368	39602
27602	38687
27075	38660
24236	35640
24449	31805
25033	38802
26089	33305
30155	34582
29726	30429
28165	33962
24563	34576
29246	33597
26578	35004
25340	37074
25355	38297
21800	36446
21112	34363
26439	31528
22805	38783
28742	37436
25651	34890
23726	37704
23129	37811
27620	38598
25478	30445
28572	34224
23157	38364
26298	36447
29220	36684
23804	35329
21489	34082
29484	36842
23539	31221
24777	39082
29046	31477
25208	37817
25978	34996
23390	30450
28652	36408
24288	36381
28275	39618
28197	36246
21625	33921
24984	35373
22464	37484
21332	35271
24829	34167
28059	32929
22603	39444
24513	35690
21883	39392
29184	35451
27830	32285
27503	38259
27387	35940
28580	31281
29814	37188
21905	31833
23887	38251
25826	34057
27659	33379
28152	30730
24949	39339
25595	38053
22676	31738
23077	31408
24217	30186
24298	30269
21855	37998
24855	35328
25162	36664
29748	30534
23519	36339
28489	38461
26042	36817
28255	33370
23750	32545
28921	34063
21807	38593
23668	31471
21470	31404
27678	30821
29677	30199
21781	33926
27600	37142
21412	35959
27901	38283
22444	30708
28717	36421
24326	38566
25533	36334
24622	38051
26554	35600
25448	39538
29564	30902
25038	38264
26219	33799
27332	30776
27529	30933
27057	39093
21688	32302
24207	36269
22034	38132
23418	38718
22934	36978
22293	35953
24935	38062
22391	34514
26065	38690
29179	36957
26143	30258
23317	37728
27786	33291
22035	35047
26616	37858
26463	35565
25442	30710
21859	33626
25892	38735
21393	33397
22623	39237
25350	39233
30127	31879
30159	36960
28066	39139
28943	30792
24089	32775
27455	37117
28689	34769
29440	39488
24374	32959
25552	36256
28653	35134
23034	34678
24833	31701
24031	32188
22927	31951
29082	38922
21932	35180
22207	38076
29193	36795
21120	37204
21337	33349
28912	34812
29379	36848
21841	38709
23107	30885
26207	30614
26944	38866
26487	39200
24781	30489
28955	33261
29510	33342
28906	33669
30068	34530
29235	32651
29066	33047
27823	34824
23052	32149
21042	37929
29888	30815
21411	37525
21286	33812
27141	35840
21626	38448
28266	35039
30102	33199
21893	33474
22868	31290
21069	34869
21011	39608
22766	32348
26855	34788
23586	35981
26658	38296
22626	34688
28623	31971
21114	38809
21365	33522
28728	34452
21539	39101
24290	35400
25643	32708
22827	31919
27084	35291
25463	36822
22305	37630
23467	38890
29372	31545
27352	30699
25925	35680
28575	30508
28178	32500
21482	33472
29151	34382
28046	32463
29083	32161
28869	38726
26354	38544
25271	38329
27885	34708
27374	38237
22526	35381
29974	38367
29122	33796
26684	33206
30089	33090
25474	38316
23959	36974
29165	31107
21540	36259
23433	35029
21817	33197
29995	30458
25673	33934
27105	30735
24357	37231
21837	38930
28333	38949
21404	33753
29988	32755
28839	30518
25346	31113
22992	30367
23082	36508
26788	38381
23286	35867
21692	31022
29172	32517
23736	31104
23848	38747
24675	38425
27984	39023
25127	37496
29333	38030
24809	36764
28287	39479
28053	37824
26418	32465
26374	32913
24077	35580
26541	34792
23892	33756
27987	31478
28016	30455
25635	35213
29691	39451
24378	35364
28864	33181
29102	31011
26589	38370
21017	36626
22543	34999
27014	35923
24837	32682
21695	38710
28537	37257
29714	37301
28361	31837
25586	36674
27511	36449
23864	32563
22870	32147
25433	33886
21207	34575
25178	31039
21819	33210
25904	31019
27237	35531
23662	34624
21624	39551
29418	33421
22891	31070
29907	31101
24824	37855
25177	38595
27960	30608
22132	39649
25902	35431
21050	35344
21194	38440
24631	37482
27239	38870
26069	39169
29266	37314
25750	35751
29563	38562
27420	38153
26520	36798
27754	35670
23863	36219
21388	33720
27301	38033
23550	32518
29495	38119
21746	33350
23819	37857
22793	35183
26205	38493
25335	36615
22435	33488
21888	38252
25811	39055
28475	31156
22423	38696
21827	30436
24189	32099
27204	31594
25081	37593
28407	31094
22906	31905
28262	35785
27093	37781
29389	36870
22158	35398
27489	39523
24283	31277
28097	33880
23018	31700
28319	31643
25966	31411
28911	38267
26635	31463
23926	30785
28949	37248
23479	33359
24274	34649
29101	30273
24436	31968
25264	36328
23085	32533
21300	37081
29233	32301
27196	34229
28543	30196
29946	36289
29286	37007
29650	31976
25936	36786
25396	33098
21105	35298
26209	37883
22717	37077
24327	35123
24273	38822
23124	33380
24851	39504
25001	32027
26470	31597
21193	36440
27055	32144
26482	37647
25440	35007
29174	37123
28993	30383
28887	37198
25738	36972
21575	39017
29284	36690
28454	39206
26029	34359
29160	33273
25290	32212
24361	35379
27438	33942
24091	34324
25359	30191
21068	39632
22725	35465
25741	39373
29354	38744
24201	34246
28948	34227
26819	32274
28968	33834
24377	32633
26793	31147
21595	38618
22165	38995
25343	33914
29612	30464
27210	35241
21686	34182
25291	37414
25368	33590
25337	34151
25082	32451
26511	33301
30062	34865
21205	33013
26811	38557
24404	33263
29987	35066
23396	38774
22809	33361
27730	35312
28763	36856
26912	36141
24566	32421
27761	30750
23073	34544
29545	30963
26915	34599
28997	31961
21984	34455
26466	38616
22753	30645
29243	39130
26993	38442
24684	37874
23548	34462
26153	36810
23622	34033
22307	34011
21943	34876
25037	30998
22012	38262
27706	38209
24715	31164
27905	31606
25093	33765
24892	38563
26853	34156
29649	38826
22496	34508
29259	30808
22055	31325
23400	36101
23730	36191
29116	33855
30064	33688
29975	34513
25470	32206
29252	37809
26158	35671
29604	35160
23733	30408
24363	33364
27348	31839
25886	31851
22644	35464
25947	33566
23296	37243
28788	35498
25751	39640
25953	31786
25658	37956
24477	34467
21093	30304
21420	34531
28214	32307
24988	35661
28837	37053
25382	38648
26900	34367
26607	39494
24254	36752
28380	30857
21867	34437
22490	36109
22701	32040
26889	39365
27265	38536
24414	35166
24442	30221
25990	35122
26174	39067
28667	38816
23146	36010
28815	35573
25711	31546
22614	34975
24974	37034
23164	35479
27322	32734
21919	34751
24750	34808
22770	34689
24306	31779
26476	37591
25772	38705
29453	30911
27444	34336
25109	38524
23044	37227
23909	39515
21058	33004
22549	38662
29549	33750
23786	31562
21034	30370
27904	37390
27218	34746
26182	30904
29983	39278
22638	33848
28286	35090
24904	30849
21277	38020
26109	36161
21853	30602
27170	30878
28223	32777
22981	31013
26167	37535
29950	33604
27497	39256
29815	36498
27341	30563
26809	39383
24059	36278
21609	37330
22757	35541
30152	33968
29817	33894
21220	37169
24406	38420
22296	35342
28417	30231
22432	38775
28903	37937
22352	33490
25787	30936
24921	32546
29287	31613
21820	31972
24310	30552
21005	34254
24068	32979
26810	37717
21886	30516
23321	34950
22452	37132
21902	30311
28503	37001
24902	30673
21955	35793
26650	37585
28038	33649
27604	37410
24599	33570
21589	34450
27928	38229
24153	31436
27572	34770
21419	35766
28120	32032
23802	38354
24400	30520
26402	30688
26043	33163
27154	30664
29053	35178
29521	37581
23236	38844
29356	37161
28713	37130
21281	34214
26873	31767
27773	33020
22826	37135
26822	35311
24640	37694
21130	30662
21546	32272
21529	38223
26646	36899
24835	34427
22972	32174
21779	32498
25399	36462
24623	32118
22709	34279
26907	38622
22863	35468
29958	36642
22904	37440
28226	32749
27274	35017
27673	34818
26774	39014
21177	33884
24797	38571
24997	32486
23712	37594
21506	35655
25625	33813
26976	37592
29071	32943
21051	32165
25692	30268
22749	35130
29979	33030
28448	35877
24350	37250
26032	37564
21801	38637
25265	35689
22161	31874
29352	30958
23623	38906
29960	30950
29302	34703
29745	33177
21579	31433
25819	32333
21280	35270
29648	34919
27254	33067
26574	33791
24458	37335
28519	34265
22185	36936
23009	37853
23047	32258
24683	39589
26995	30178
26228	38174
23507	39270
28217	35070
26947	38840
27008	31991
27628	38756
29468	34809
22663	32636
22831	37111
25964	32615
25425	33919
29185	33778
25316	34116
21963	31219
21751	30624
27442	35982
25706	37751
29909	36971
22596	38652
21377	38697
25345	32811
23057	30975
27411	36935
27801	31518
22839	38839
23115	38389
28951	34586
28588	31348
23992	33035
28852	34145
23565	34365
29980	36604
27222	34217
26643	37058
24138	34103
26390	30921
25576	37875
21392	30758
22462	33390
26351	32719
26854	31986
26777	38521
26608	32197
21762	31686
27621	36811
22124	38216
27937	34289
27032	37002
25796	33295
22524	33831
22364	37348
29064	30291
29701	33661
25516	30887
28697	35526
27998	37712
29255	34221
28783	34482
23559	34851
21700	38167
22298	35473
21062	33972
27550	30272
25758	39644
26746	30288
26133	39434
26052	32511
21245	38927
25307	36863
23003	36154
25358	38614
24137	36436
28778	39189
23545	36976
28827	38881
22947	37448
21326	32492
23847	38293
25906	37759
26282	30744
28518	33412
28070	30807
22112	33571
25921	35175
26767	31769
23516	32360
23014	31387
21566	32598
26451	35533
28608	34310
21600	39179
23305	35577
22086	35899
29097	35614
25919	35113
28574	39173
26834	34762
29037	38769
28672	32402
25120	37012
26922	38005
25194	36034
23934	32834
23923	37877
29327	31366
29300	34489
21584	33658
26756	31364
21542	35955
27403	34593
23914	39583
28273	31625
24469	33403
30131	30669
28320	38830
29585	39548
27380	32860
28777	33266
28064	32017
24742	39000
29970	30964
26941	36596
26633	37686
25468	34651
22791	32880
21549	32132
28924	34364
23772	31227
28714	34282
24086	31876
26778	37882
23805	34078
25045	32175
25570	34093
26551	35547
29941	35065
28408	32189
23202	34556
24462	32414
27728	39119
25170	38466
25459	34139
26235	31454
29757	31474
27247	36871
27069	35723
27616	35369
25712	34727
29216	31483
21530	37543
21622	32284
22282	36677
29538	33115
27386	31435
24714	36439
26743	32060
23941	37933
21989	38104
24671	36820
22492	37742
25779	33143
24555	34237
22411	36573
29132	38855
22763	38526
22231	38052
23087	35104
27898	33572
26165	33717
24165	36153
29861	34204
26902	37725
26008	35699
22138	34698
21541	31293
28760	36539
25057	36108
28947	34210
25332	38491
24485	31873
29707	39327
24034	33159
28957	35700
26780	33861
24173	36420
21357	33841
24606	39020
22192	31603
30109	30928
22586	39346
29320	32022
27840	30579
26535	35807
28991	36574
26320	33719
24149	36018
28562	34131
29928	37395
30133	33797
27805	34026
21442	35625
21397	37669
23013	31652
28261	34215
21047	36195
22133	37447
26649	30825
24029	31206
21498	35446
22310	36901
27504	36552
22890	34545
26973	35082
23791	37795
23219	39122
24219	36043
23749	30660
26998	39490
24194	34710
26911	39167
27831	37731
28946	31203
28023	31061
21860	38694
22986	38064
25969	31346
27199	32506
27229	36794
25248	30582
21659	33280
28591	36402
28196	38716
22687	31350
25530	33917
22944	30414
28630	33950
27003	35939
25257	35054
23756	32686
25718	30460
25972	37238
23643	34456
26274	36872
25956	39359
25048	32832
27571	35153
25086	37559
22303	36012
29106	36432
23388	36850
23178	37842
25158	31041
24186	38963
27949	36209
23616	38087
22043	32013
26440	31320
21387	37454
26448	34904
25235	37661
29387	36127
28452	38661
22125	38324
23759	38149
28419	34667
28460	35067
22907	39653
21968	34982
24913	36114
27478	31615
27294	36576
25174	39158
23960	32457
26529	38070
23134	37952
26593	37151
26521	33482
24460	37041
29479	33116
29889	38678
27371	33222
29178	35528
26937	34800
23852	37648
27495	39068
22227	37119
28854	37892
25701	33502
26457	34606
26227	31289
21032	33093
24820	31343
24991	39210
26438	36459
23016	32319
28176	36658
22102	32059
29419	36780
22436	34721
23329	34911
26364	38402
27897	35664
29562	39031
26316	34962
28332	38956
23278	30640
23933	38583
23833	32260
21232	34305
26365	37218
21157	32296
24712	36855
25230	33692
27462	31405
26389	35696
23199	33443
27316	32903
24411	30754
25182	31001
27636	35752
29112	39217
23355	30171
22925	32142
28096	36218
25239	33073
24242	35649
23883	38374
27715	39362
23226	38990
24120	30238
25475	38850
24345	37816
28611	30588
27603	38617
29755	39271
22040	37042
28180	31670
27965	32606
27795	38304
24439	36433
23245	38047
25878	35099
25114	36431
23458	39463
22732	34480
24110	39588
22985	32892
27258	37634
28792	30549
29229	33624
21089	35125
23671	36006
21164	33265
22742	37984
22817	38034
28254	36082
26787	30494
23613	38055
29646	38310
24598	36826
24740	32846
25852	38804
28539	38345
29738	30780
27117	36014
27753	32722
24222	32969
22670	39077
27333	35624
21123	38398
26214	36366
24971	30174
22765	34839
21426	38435
26648	35844
22340	35978
25479	31398
23382	33338
21325	37990
21378	33092
21972	34040
26107	33253
23812	34635
25773	31371
22433	35550
26843	35334
25134	36942
28676	38606
23318	30424
23652	34257
24025	38515
27213	38231
21128	33336
27683	37777
24399	31338
22349	30874
24148	35289
24220	36318
24324	37866
24995	37396
22759	32983
24352	37474
29067	38279
27726	37129
26265	32798
26452	30443
26263	37792
25279	38184
27058	33871
24804	32358
29625	37028
28996	32404
29457	31140
23041	37457
26894	32671
24231	37948
21510	37016
26198	34473
30147	36783
29080	30542
26533	35608
29090	33217
22396	39062
28089	34768
25106	30930
24258	33473
28092	33458
26253	38347
26741	37205
29665	38044
30142	30501
28316	33527
27985	35484
21278	38459
25456	38668
22834	35501
26409	37753
25822	32501
28191	30684
21662	34351
21256	39584
22318	36609
23495	39601
28879	35561
23030	35803
29374	36831
27882	31036
28323	30790
27224	38117
21037	36776
29496	30816
26914	32743
22628	36136
28461	31694
23721	34717
28804	34929
24626	35853
21890	36097
27323	36980
25619	35873
25493	36494
24190	32157
24239	30493
23474	38462
21651	38740
29761	38248
29502	39580
27261	36207
22866	38018
26211	31641
25011	37831
29025	38920
26883	30901
25065	39240
25179	31112
21065	32128
29054	33543
22412	34019
28687	35888
23584	34776
28267	34961
22720	30741
22821	36773
29188	32422
29629	37103
27875	30483
29618	37096
26806	38887
21459	34180
25769	31179
25802	36851
29593	38268
28875	33793
27951	30631
27469	37663
21949	31634
29074	39447
27243	31888
21430	31342
24583	37976
25997	32634
24630	32946
21792	33242
27138	36093
26836	34309
29770	35018
22327	31419
28592	30299
29307	31059
28083	36711
21948	33837
29310	32958
27707	30761
24895	30566
21383	34244
27988	34339
23799	38332
25219	39554
26620	35272
27579	30442
29986	39170
27164	32093
24392	36024
28314	32844
23435	31881
23576	38649
28009	32183
30000	36115
29859	36079
27400	36749
24184	35229
29774	35240
24845	38701
22813	33452
24228	31549
23774	34515
29251	32303
28959	38409
26986	37732
25108	37675
26841	37278
22652	33118
28413	38151
28073	35947
26848	38173
29377	34290
27068	30595
23439	34700
26975	34386
28207	35695
27565	33012
27231	31731
28857	32922
26637	37154
22063	31580
21331	37145
25289	32065
29615	32952
26629	31803
27227	38321
23635	33077
29599	39084
27081	33167
24786	31702
21892	33227
25144	30840
29204	32561
21598	30255
22425	34429
21453	33715
26869	33304
27172	32148
24950	35435
25909	37492
27377	37944
28234	38133
28597	37879
30026	39283
25020	33545
27915	33190
28010	36975
21027	36701
27049	32692
24030	33016
30051	31335
23858	35310
26936	38201
29747	36272
21796	37226
24183	37654
27216	30676
26760	36902
24628	38217
24095	39526
21018	35111
24424	31409
27699	34891
26405	33925
28393	31749
27004	36094
29547	36681
21786	33751
26614	32733
24051	32412
23882	39074
29789	31572
25941	31480
21094	37533
27073	37208
28504	36847
27048	37902
21079	32936
22473	30185
28357	38760
21084	39034
26097	34810
21490	32282
29031	31099
26382	36709
26847	36940
23303	37973
25489	35074
28973	37562
28229	36544
25049	33685
24870	35421
28958	32181
28476	32237
28246	35013
28696	31645
23504	32653
22077	35118
22359	37611
22584	34766
23517	30698
29803	35599
27509	32712
23796	37646
23367	33672
21035	32410
23344	39469
22988	34444
28001	32334
25808	37561
26048	33623
27493	35925
21725	30945
29492	39531
22384	34630
29417	32877
26349	37468
27134	36200
22048	35858
26829	36312
23752	33375
22715	30411
23144	32560
23415	30647
21658	38418
21929	36407
26613	31235
27769	31756
28576	34259
29529	34827
29250	32585
29507	34550
21279	32885
23029	30697
28359	35643
27797	32760
29273	32440
23412	35098
29140	34270
30066	34968
28174	32184
22918	30551
28294	30909
21939	32694
30031	31914
22873	35973
30149	30355
25715	30586
26917	33807
25503	37475
28433	38163
29223	39442
28738	36959
25496	31505
26519	36309
28546	32640
22400	32977
27118	34820
22681	30612
24805	38608
23080	32906
24900	39214
26024	37568
21577	31685
25524	36665
21683	31297
21544	38941
25498	38897
29849	39641
29489	39456
25193	39229
28952	37196
27460	35487
21784	39547
25633	37854
28434	38288
21735	39514
26325	31501
28508	34863
21133	35886
21967	30788
29617	38453
23878	39310
22955	38339
26735	34029
22771	35839
28888	34111
25786	36384
27496	35901
28890	35716
22208	38244
27701	38590
25630	30517
22042	37152
24244	33828
23617	39475
24891	37964
21836	30362
26238	32677
28928	39468
25872	32083
25694	34484
24154	32655
25612	31222
25938	34159
29870	31994
27993	31136
21923	34112
28198	32911
21666	37284
29709	35430
26539	34785
27381	36107
29267	31723
24564	31169
27591	36069
25184	33180
22751	36844
25111	32902
21296	33520
22457	31930
28981	32409
29712	36800
22859	32050
21871	31154
25428	32162
24129	34038
27453	34845
26084	34125
25870	34774
28411	32932
22481	31042
25192	36225
29901	34988
23074	32527
24069	37084
22653	34044
29911	31697
21937	37930
27665	32789
23758	33042
25097	34893
27388	32926
27136	36515
25600	33049
24568	37791
29722	31388
29839	32112
24906	32396
28545	31997
27704	37312
24814	31716
26582	36861
28944	32720
23416	30848
24473	31356
21158	39449
27918	30812
23850	39118
21599	32531
25083	36921
22448	37768
21513	39291
22451	32596
27690	36579
23254	33345
26891	34451
27050	32104
23903	32827
23174	36558
23667	33618
26044	37754
22700	33372
29537	36997
23533	38969
24418	34036
26359	34413
21379	34833
25191	33780
25856	37128
28657	36951
29192	31748
23480	33503
29636	34501
22961	33506
21348	30920
26090	30490
22667	34713
29518	34989
23967	39117
24669	31711
25436	38162
27556	36190
22087	39154
21110	32241
22522	35185
26186	32649
21846	38063
24331	38555
21409	31762
29871	32095
22311	36500
23070	34124
21469	36002
28429	36981
23511	31600
24440	33433
24026	31285
26317	30613
27270	30457
24832	32616
23448	31105
26617	38827
22470	34277
21473	35551
29253	36766
27194	33468
28164	36534
22964	35026
23549	34991
23061	31897
22322	35511
25348	34909
24425	31457
26091	39617
22488	36625
22721	39238
23268	37463
30027	31413
21026	31322
21303	32127
25924	35524
24856	35337
24281	35370
23854	31424
21896	32550
27360	33275
21976	36785
27018	33096
29439	31181
28490	33184
29639	31768
25392	37779
22201	37450
24578	36698
23921	31249
25225	35675
22977	37969
24232	37517
23358	34704
24985	33918
21521	32978
24552	36923
21327	30934
21423	36743
21291	34565
27546	32823
24282	34138
25112	39354
29800	38865
24307	32298
26295	38876
23172	39337
29753	33929
29141	38558
25013	32818
27567	35322
29069	39172
25367	38519
24429	34226
24490	30617
23465	31248
29697	31175
21048	35942
22810	35154
25386	33782
23335	33965
21478	36702
21895	30236
28570	38465
22259	38948
26337	38355
22418	38581
23546	39061
24506	34384
29866	30804
22498	37537
21981	37159
24365	33320
27123	36187
24388	34420
25300	35944
25301	34560
27483	34763
25982	33598
22225	37615
24322	34406
25231	37736
22505	34414
24597	32382
24693	31867
25654	35279
29893	30801
29412	30193
22222	32257
28974	31857
23893	36691
23502	35497
29873	34933
29503	38405
23449	32735
25094	38144
27487	38202
26181	34949
22583	37790
23737	36533
30088	36650
26300	35267
22403	36804
25617	30747
29114	32945
22497	36155
28776	33134
21198	30459
24676	32029
23091	37951
27279	30875
24476	38455
26887	37173
25202	30514
28963	30590
30070	32477
26903	36561
26021	35667
24878	36054
21826	35733
25221	31875
25176	33456
23587	38039
29597	34605
25341	31624
28830	37445
29944	33949
22566	37011
28076	34948
27929	34612
25707	32698
22426	38983
29644	37413
23326	30999
27694	37989
23285	31818
23215	37006
21996	36623
22855	38250
28521	37147
22007	31128
26278	34360
27165	36655
28373	38396
23813	30916
28685	35827
29916	37098
21349	38469
23168	35341
24784	36330
26742	36696
28679	31578
29772	34782
27996	36613
24408	38249
22069	36605
30141	38602
25963	35327
25724	30929
25254	31781
25652	35816
21930	39578
21772	34613
29530	32413
29409	33955
29736	34160
24618	32470
26481	38125
28703	31015
25171	38966
21138	34392
21096	32941
23977	31952
27631	34341
22797	34983
28683	37580
26856	32624
26196	35448
23739	31241
23386	38828
26436	31815
21849	37379
24227	36217
25214	37343
27790	36285
27622	38218
29578	33298
21358	32317
27437	38836
28573	35128
24815	30728
22221	33805
24235	33491
24567	31465
29582	38713
28833	36001
23397	30968
22861	34765
21823	36031
22213	36156
22983	32309
29851	30951
21673	34105
22786	33677
28464	36239
29108	32776
28318	37294
28350	32026
21389	37337
24711	39467
28024	36873
28507	35447
27575	34313
25894	37341
27936	35999
22265	33683
30018	32812
22893	37136
30030	31445
23716	32335
25551	31530
22060	33471
29721	30364
25668	39025
26715	32741
29208	37576
27409	35841
24979	35325
22940	33958
25058	33254
27122	32680
25682	32200
27366	35847
23690	30599
21509	34009
23655	32873
27226	33952
23445	37516
24482	37980
25918	38994
25568	32753
27717	38330
28013	32405
22190	30248
21629	33401
26784	37315
23575	37823
23597	33833
26532	38654
29554	36985
23447	38272
27791	36173
28154	35097
21424	30668
24729	36779
27609	37706
28730	38054
24836	34154
24452	36135
29631	36049
27843	35478
26213	37801
22650	39042
21785	38130
29042	33898
25105	32046
27184	36724
25793	39639
25059	34771
25896	39459
26910	33619
24796	36554
25774	30935
28383	31522
27287	39350
29147	32662
24246	30328
27168	31443
27971	30829
25458	33133
24780	36359
28158	33237
24690	35897
27748	36914
24479	32590
23564	36791
24615	33165
23888	31575
26017	31329
28660	30242
21942	35165
21875	38940
25085	32217
29807	33264
29420	39308
26500	32730
22562	31167
21757	34512
25578	39376
28884	37165
24850	35594
29390	35570
24958	37458
25973	38120
26696	37625
29432	35196
28494	38397
26719	32397
25342	34920
25156	39398
23242	32675
28377	38891
26136	32211
25069	32761
26268	37416
24278	32072
21869	30350
21259	30441
28627	35474
25146	33846
29282	32435
21499	35069
27751	37637
25104	35992
25915	35144
28999	34200
24405	36260
26994	36874
24939	31278
24766	39293
27262	31949
23369	38525
26953	36787
27021	38127
21738	33150
22177	38246
24957	39083
28659	32436
25708	35353
27692	33309
27560	34539
23196	37938
22578	34632
26159	39013
22345	39403
25153	33681
26342	38326
25229	39187
27223	39225
22690	36343
28966	31020
21602	35282
25797	32294
22661	35201
25916	31661
28892	34092
24608	37470
23304	34016
26946	35721
27608	37724
25006	31674
22254	33300
21240	33404
28232	39625
21288	30250
29149	30729
27063	39645
24883	37403
28224	37955
29992	38437
25207	38189
25799	34784
21366	38340
22658	39646
22001	35480
25645	30903
26251	35783
24020	36635
21171	30830
25624	36315
25186	39453
25644	37832
28557	35967
30071	34650
22456	31332
28188	33057
26636	31947
26950	31090
24655	33277
23571	39595
22469	32819
29624	35163
25203	35275
24751	31567
29654	34340
28125	36048
27517	31382
21075	33252
25320	33764
26368	35538
25899	31490
22724	30485
28678	36932
21874	35209
22879	33953
29059	35218
23197	34245
25325	31948
25820	34140
27587	34924
21109	33930
21092	30183
27101	33038
27315	38131
28162	35063
30067	38867
29041	38736
28090	36537
25827	32727
22640	37780
27679	34000
28103	35903
21763	31050
29197	38309
29095	37246
28967	35934
28662	37605
25466	36255
23453	39184
29816	37927
25030	30278
26311	30997
25228	33054
24376	33687
22930	30275
24048	37518
23801	36760
25446	38864
23140	36797
24911	30959
26400	37097
26114	34816
27625	33770
28439	35290
21964	33323
29924	34940
21687	39305
21400	31564
29633	30593
26155	36319
25698	31365
28858	36816
25958	33564
29403	34322
26816	33186
24386	31123
30041	38947
23229	30763
29115	36240
25890	39165
27160	31127
24602	37681
21760	31434
29445	32707
27443	38107
25847	32322
26695	31134
28345	32074
26625	33499
28816	35445
21802	34260
24830	36641
23958	32194
23235	35233
21088	38126
29270	35385
28308	38098
24877	33463
22820	30570
27697	39258
25034	38815
22342	30496
24000	34424
28185	37018
29961	35713
24309	35495
26179	37328
29231	33233
28470	31429
23505	33108
30017	30980
22812	37262
25467	33011
24160	31257
27151	35085
29373	36771
27668	31665
29927	31399
22044	33027
28710	39223
24525	37292
22604	32980
26800	36208
21184	33394
22139	33053
26909	36172
26694	39309
29977	34536
24652	39342
23836	32403
29904	34930
23131	32163
21862	39481
22935	38095
23424	34163
29741	39251
21168	37963
21241	32006
21014	35307
21635	38779
25753	32548
28155	39539
28015	31401
28075	34123
23911	37027
22564	30398
22339	30461
23768	36587
29857	31592
26699	31210
24990	30290
21696	38540
28304	39426
27056	37572
28926	30187
26334	36074
24575	35012
29655	39128
23137	31018
21314	30425
21085	36140
23126	35592
27340	38942
26406	32293
25391	32907
29719	31814
23104	35534
29364	34189
29577	36110
25256	31507
25747	39325
25764	39052
22471	37437
25905	38067
29968	33928
25374	39593
21290	33014
26775	33240
21710	34035
25730	36728
26686	32291
23669	35641
28347	33105
22023	35771
21554	32158
22474	39244
21674	33417
21578	30925
21894	33704
21342	30966
21537	35647
24092	32672
25309	31441
22997	38458
23033	36213
27162	32015
21380	36202
25935	38810
29241	35820
26111	33040
26685	37322
28169	34693
25937	39180
26413	34469
29314	30167
24918	36443
22328	37019
28381	39558
22736	36065
21799	33858
26233	36071
21090	35732
22373	37783
27459	32912
25655	35283
29596	33801
27963	38477
25604	31386
27597	35777
21264	35348
28980	37200
23112	33705
24432	30532
30075	36470
21548	37465
27869	39094
22594	33759
24799	36557
28421	36005
27146	39116
22413	35772
22371	37293
25234	31918
27576	32487
25356	34206
21938	31093
30002	38723
27298	32738
27691	33268
25252	37888
24263	31288
26074	31242
21236	33524
26799	37273
26162	34326
25719	36163
22093	32573
22106	35390
25532	31718
21797	38549
22148	32782
29773	33539
24001	39104
27145	34551
25495	36854
21097	33284
28525	32038
23834	36928
30094	35126
25519	32166
23373	37241
23209	33137
28398	34172
23083	34889
27865	34627
23607	35536
28305	35519
21268	33709
29213	34697
23430	38992
29355	32164
26567	34895
29366	35129
26234	37676
23295	33702
24638	39113
28171	35410
24416	33388
23645	38041
25009	38755
22693	32045
29754	36169
27402	36958
21556	30359
22525	32316
29914	32524
30093	31605
30158	34658
28466	35720
23417	32632
27295	39248
26113	34268
24928	30515
28386	37281
23211	34939
21810	30899
23011	33097
23986	37962
29852	30294
29271	30594
23560	37653
26594	39127
29012	32494
29874	39097
24681	32784
22852	33978
22860	33842
25032	33208
29247	32281
28533	34264
29568	34994
21497	39564
28818	33293
28744	30756
26321	38808
29606	36088
24920	31427
28112	34203
25952	31604
21787	37005
27524	34528
28272	38432
28376	31103
22333	39487
21231	35884
22440	33890
25778	36510
22442	30924
29349	36838
26942	34293
21147	37354
23392	39606
28726	36304
27106	33328
21080	30794
27744	31792
28735	37176
21321	36075
27855	33860
23457	30416
21610	33777
26003	32177
27404	35402
25443	30918
29796	39417
21654	33785
23108	33425
23754	39471
23743	39586
29917	37808
21376	32338
27384	36732
21884	33654
24885	34491
26199	33094
29119	30412
21804	35250
29933	32562
24722	36144
26023	36457
26416	38333
24930	35666
23913	30305
27042	37443
21213	30742
24899	39008
21843	36986
26669	35597
26671	36471
27201	34868
28772	32418
22589	31428
22933	38638
29494	38123
24140	36761
21271	37582
26717	33496
25089	39215
23102	33665
22002	38955
22595	35151
28364	39303
24826	30795
25077	39396
27094	35395
25381	35724
21790	32814
29104	37471
24008	34261
22128	39498
21143	34631
29376	38099
22283	36909
29260	35927
25404	36130
29017	32660
28307	34421
24268	36758
25360	35607
24754	37351
26762	31183
27953	37423
27710	31097
25885	39536
23707	37757
23378	38449
28037	34303
22627	39431
22548	30653
26330	38596
23160	34507
22028	33204
24289	36394
25678	33289
28925	34992
23867	36122
27553	35659
21464	30720
30056	36162
27516	34954
24252	30500
21526	33405
23324	36281
25980	37655
27970	36747
27305	31820
29781	33924
27975	32051
26766	39160
22430	30321
27539	39439
27312	33201
22618	34183
28327	33360
23522	31863
26842	37194
28598	36507
23450	37424
29198	30775
25521	38351
23191	37514
24874	36653
28237	30635
28415	37307
28982	32549
23072	39102
29128	38343
26020	31137
27677	39347
25021	32191
22123	39379
29809	38243
27157	34854
24849	36815
27022	38242
24803	39364
23686	33947
23127	37061
24519	35652
29715	36748
24297	38806
25017	30346
27959	35403
30034	32448
27902	32791
24251	33922
22284	31688
22889	39304
22156	30988
29706	37551
29342	30433
26019	31274
23404	36645
21345	35920
24241	38007
25771	38800
23498	38089
28385	36227
26229	34415
23544	33897
29045	37872
27124	33850
26075	32047
29589	33637
29940	32551
29560	34402
25825	35170
25315	37774
28542	31553
25804	34952
21594	31279
25691	37180
22151	34679
29934	33221
25744	39234
23425	34813
21306	38508
23208	39048
28971	37987
21038	37880
29957	33939
25955	36047
23027	35578
29309	38225
25338	31763
27461	32085
24718	30331
28585	32974
27283	39637
28569	33236
27746	34655
27729	33088
27809	35635
28969	34276
22704	36386
26038	33448
24127	31696
28091	36922
29029	32831
28047	38814
26803	36585
27490	37461
27426	30670
27111	35801
21045	35100
25242	36250
29819	39385
21479	38550
22516	37183
28568	38069
25201	32658
22067	33976
24459	36900
23902	35466
26576	37542
22202	39629
27533	34965
25554	38534
28190	38078
26897	37412
24516	35002
25220	32484
27833	32579
25748	37775
22246	33768
27712	36425
28387	38771
29388	38724
29449	30661
21292	34379
28718	33646
21547	34760
27319	36008
27067	34773
23287	34179
23276	35806
22856	37079
27150	36180
25306	30170
22147	36640
28277	30651
28631	31291
28029	38971
26536	33989
24871	39091
23826	30553
21095	36324
23350	33995
22979	32362
21438	35852
28269	35146
28737	31096
29167	31571
25932	37270
28173	33749
21021	39015
25792	33228
29289	38417
29919	37030
23132	31950
29164	33138
22410	34867
22416	36979
30035	32012
22244	32325
21500	34607
21317	35049
25190	33196
22065	38335
26373	32833
25329	31552
25996	37139
25790	34695
25073	34083
23120	32318
23862	37701
25850	36550
22262	35362
29867	38728
27152	32295
23159	33916
29999	38478
24612	30467
29052	39507
27100	33748
26419	36066
23936	36789
30121	35642
24391	32704
25026	32359
26815	30771
22531	31616
22726	33829
27922	33515
24983	33294
27092	39065
25454	39073
26358	33015
24813	36295
27719	30536
24174	35831
26507	35687
21588	32652
27257	30826
25877	36026
26037	39528
22105	37833
27187	37747
23054	33865
23440	32745
21603	35157
29595	30539
28534	30320
21429	39533
30038	31838
25407	36705
29023	37862
24272	34377
27974	38160
23478	39190
29422	30354
27432	37049
28549	32245
24136	36644
28293	38247
29882	32233
26595	36243
26120	38594
27891	35842
25642	32670
23055	37170
27338	39549
28836	33319
29011	37141
21495	39282
29841	30559
28732	31777
26474	32431
28711	34600
21312	34391
28510	37896
26145	38811
21536	33943
24859	36284
26786	37451
24636	38908
27952	34796
25895	30505
24328	38823
28445	35703
30033	34684
23646	39243
21057	37649
29777	36398
23541	36038
21002	38383
26296	31541
25262	38925
23703	35343
23689	33292
21060	30983
24262	30908
27358	33808
29474	32005
23290	30225
21118	36657
29315	32249
26279	36044
25285	35787
26336	34347
26568	33821
21788	36434
24157	37171
21891	30407
28748	32286
22103	31450
24470	36016
21003	37065
24502	37566
22489	34362
21980	31466
28264	33156
23187	36418
28406	35962
28491	39301
21399	33518
25726	39624
27641	33504
27414	36444
22545	37297
23260	37806
25283	36636
23938	34720
21113	30307
23380	35646
27285	35943
25204	36545
22057	30636
28177	39022
25665	34923
22921	31170
30040	31414
23537	35813
27473	36829
21965	34574
28140	34601
22325	35374
24767	33945
25501	38541
25810	31735
24204	37640
23612	37388
22257	35514
29161	33376
25940	38986
22455	35650
24749	33131
23387	33816
21925	32222
26504	31173
25461	31789
24755	30880
24713	39252
24480	36750
26779	34331
29877	32618
28339	39092
25974	32021
22301	39604
27660	32582
21806	33382
21471	36612
29225	34108
22071	37935
25631	31962
28235	38889
24975	35835
28477	35711
21185	35358
27238	30722
27260	39537
29664	31209
28978	35263
23879	31684
26880	37979
27702	34603
28880	38280
26138	30198
21835	35467
24746	35748
23327	36984
26702	38148
21059	33396
29792	32746
26093	35106
24556	35220
30108	34438
24719	34823
25671	35265
22245	39332
24426	35811
22778	37449
22678	30161
29295	38350
26176	37851
28329	36158
24905	35558
26322	32297
28063	36759
24706	36608
27178	38208
25854	30488
29240	38048
25614	34822
21455	34253
22005	34951
24992	32234
28108	30391
27306	35225
22655	33639
23650	34101
23488	34493
30044	35288
26592	39579
28004	35003
28838	34170
25900	34588
28011	37716
26962	35034
22535	35198
27762	30789
23485	36868
22862	38392
24401	37085
25513	38509
27252	38171
26634	36437
23005	35258
28482	35112
22729	34136
28889	39120
23275	38935
24171	37688
22750	39138
28068	30543
25950	34403
28861	36867
21728	30499
29219	37310
29363	37106
29343	31130
29395	34051
24897	31953
27686	34378
23043	37102
21534	39338
26215	34274
23201	37259
23859	30541
21146	30471
27023	35057
26262	38400
22209	31770
27733	30437
27221	35887
25512	32395
28515	34633
27395	36467
25136	33455
22867	31431
28675	35540
26241	32661
28163	34122
23022	32604
25714	31926
26270	38793
26276	32010
29026	36426
23411	31444
28141	38505
21676	32790
24049	30276
25762	35361
22267	31742
21339	35206
21328	31682
27749	35606
28554	38482
25403	34178
22714	31979
26244	30222
30105	38564
27527	39060
25447	38056
23996	37347
28874	39534
24053	34673
21013	38907
28806	30172
26556	34068
21791	30970
21567	38532
23831	32430
24199	33497
23338	32170
25457	39372
29834	35486
27978	39440
27043	39603
26967	39407
26609	31213
23148	38298
24875	34834
29737	36593
22191	34970
27930	35394
28219	38731
27862	36808
24565	31797
28193	35332
27513	30282
23908	37033
23139	33009
27282	32096
22967	37651
21302	36565
21250	31141
26516	38180
27814	38274
28741	33724
24550	31232
29696	39623
27580	37949
27864	36478
23431	36492
24484	36634
28976	37229
24375	31238
24279	33495
30123	37638
26054	34184
28216	37425
23741	32009
27635	33690
23660	31035
24088	39021
24162	33585
29127	36736
27310	36059
26530	34404
21496	33589
28900	37365
24526	30659
24464	38266
23483	32173
28933	33330
23618	34947
29123	38706
25833	31896
26862	37946
21385	37822
27135	33744
22179	38567
24146	33779
25613	34445
28853	35930
24541	37225
25588	37247
25867	36629
29740	31916
24964	34524
28101	35529
21083	33538
27140	34250
23119	38352
29062	35602
26525	30333
21173	30357
25015	37865
28423	30289
23298	32092
30023	35226
24760	33326
24508	35946
27874	35472
29190	30259
26012	31287
22332	32960
25227	31712
27912	32125
21189	38001
21115	36934
27070	37370
26754	34757
23156	35120
26814	39216
26498	35623
26168	32331
26185	34389
29561	30974
21137	33331
22844	34218
25217	35515
23002	35223
25911	35997
26817	32683
24052	37914
29073	37557
29864	37099
27793	35292
29471	36194
22506	33058
21587	35308
22612	33215
29323	31836
29222	31601
22182	38698
22668	30862
22853	36360
25294	31844
27225	38215
23988	33226
21517	36582
27452	31544
23577	38853
22610	37015
24978	39211
26659	33019
29107	37539
27822	37140
27477	39615
28145	36039
26180	34687
23636	33781
27361	36741
27672	37818
22569	34885
29326	37357
26566	30802
26437	33353
23700	35110
29166	31623
22519	38152
29603	34825
30079	31328
24764	34625
28502	36793
29854	33142
29237	33708
27666	31327
22990	34288
24620	34058
28649	35581
24674	39153
21134	32439
24114	33529
25529	34927
24038	36687
23846	33617
21514	35295
21865	37520
25361	34883
27745	37641
27896	36619
26129	31370
26036	36504
29092	36262
29360	37125
29711	31513
21768	31906
25677	37355
29900	37586
23937	35557
23951	38140
22431	30891
28321	33028
26396	36521
22465	37719
23468	38430
25646	35506
24143	31252
21737	35383
29790	35639
29602	33218
21830	39203
25672	37302
29089	33358
28446	30977
27328	34669
28530	38204
21897	35701
21299	31819
27245	35089
28355	36164
27741	32407
25047	31300
26026	34783
24200	36410
28374	39191
27479	34127
27396	31561
22954	36905
22888	36663
26644	37031
24544	35222
24996	39006
26676	36030
22858	31145
21557	30405
23928	31848
21647	35423
21414	34499
27498	38481
26794	36547
23459	36385
28517	33203
30132	39276
24360	31208
27643	39280
22313	37392
29638	34724
23843	36046
29157	37378
26678	35746
23692	37805
24073	36523
29951	31395
25664	31171
29972	31917
29065	35589
26881	34540
26050	30615
30029	32070
25998	30201
28404	33937
21396	34147
25066	31584
25469	38821
25999	36594
29539	34181
30008	31360
22351	32210
29293	34815
21616	32982
23150	34993
28935	33956
26790	33732
26771	36091
29820	32376
23385	30811
27399	35021
21900	38964
29751	36293
26434	36203
21370	37190
27889	32398
24176	31253
27547	31966
24580	35127
24055	37867
22585	33803
29350	35613
21690	35304
28442	34148
23735	36113
23815	38950
24133	37868
26366	39597
25462	39089
29835	37271
29762	33740
30016	35434
29897	37092
27465	39106
21773	31964
21039	39566
29060	30585
27028	33549
26913	32820
29337	37497
25725	31211
22480	34547
24141	30932
29456	35952
25063	39086
26386	37184
25196	34814
23582	37714
29334	33476
29556	34652
22197	33507
22941	30577
27585	38933
25141	38607
27844	39311
24745	35251
26688	37235
29257	38987
28322	38497
26484	37444
24172	34196
29727	34458
29805	30898
23809	30480
30012	31062
26314	32399
29203	30834
25411	31172
29299	37945
27931	30336
28134	33550
27623	33024
27852	38349
24517	37571
28750	35548
25336	35372
23861	38213
29100	30510
26057	38090
22361	39182
22649	31924
23890	38019
24953	31511
29931	30554
21360	33840
24536	33070
28681	33050
29464	39275
27215	39470
27557	34866
27582	35883
22272	32265
22164	33123
23186	34236
29303	36401
28372	37667
25559	30363
23748	36415
25212	31029
28366	31006
24527	30388
22326	36755
25851	38080
23705	38289
21641	32004
26352	37236
29139	34335
21384	31726
26878	33438
23225	30295
26514	31902
26577	38762
26785	32052
27326	39512
22299	33818
23206	38456
28862	32523
23331	38565
22258	33257
26697	30522
24500	33726
27449	33645
29143	35355
29743	33154
28000	34390
26203	32340
29362	35705
22776	32171
27303	33984
24642	38336
29813	32706
26824	35542
25539	35131
27981	35743
30077	38474
21947	31627
28420	32957
22874	32235
25236	32077
23241	31016
24634	35995
21223	39361
27824	33540
22079	32469
28048	30621
28841	31207
22648	30190
28457	36370
29232	32134
26073	31150
21148	33648
24364	36429
22802	36531
25656	30723
27624	30622
22365	36765
21103	32654
27738	36877
23526	31071
27427	37870
23688	36199
24844	36277
26312	34584
28126	35143
26918	30285
27760	32228
25449	30841
28069	30597
29667	33231
29605	38537
28410	33932
21310	37483
27139	36095
27646	39384
21716	32467
27369	34665
22220	35357
21885	30865
24590	36833
23634	38628
23956	32114
25599	37507
28699	31051
22515	34928
27863	36290
27129	33422
22033	34388
21724	31125
25560	32185
26018	31374
29694	38574
21186	35294
26825	39370
23128	37481
29994	31081
29798	31680
23731	33642
26031	36174
29466	36368
24769	34622
24009	38763
21044	32898
22168	32220
30114	31245
21522	30768
24965	39441
26266	34842
21643	38767
24967	37047
29401	35397
24624	30569
24028	38729
29527	33621
21324	36883
22801	37489
27856	36028
25553	33126
24019	36416
29782	33415
21361	37503
28942	39081
24970	36146
26996	34563
29423	32939
25649	36464
22187	31148
23975	36920
25923	38879
30028	30955
29118	31658
24067	32480
22487	37560
23767	38554
26832	32002
27969	31037
28148	33269
26210	31831
26477	36757
29524	32374
29645	33640
25592	37399
24589	38227
29678	33573
28809	36995
23755	33334
26441	36303
24463	34434
22219	39378
25274	34617
29611	37700
28770	38172
24390	35006
29003	38693
25272	33477
26254	35814
21434	36252
26082	36715
29717	39450
23870	38832
28805	33378
21216	32602
25975	36516
24847	30180
21870	31195
25848	36834
26700	31286
25119	38443
28618	38530
26460	35789
23566	38028
26443	33483
24303	30491
28405	31894
23482	39064
21295	32441
30128	33915
22215	35788
27581	35038
23151	31212
28606	38768
26346	39397
24537	38707
22117	32223
23288	35691
22567	37137
23891	32394
22277	37575
21319	39148
24185	32229
21261	31048
26508	31841
21901	35286
22010	33439
22438	34286
27447	31117
26110	37821
26752	30685
21010	30215
23078	39079
29936	36211
28932	31550
26249	34955
26183	34758
23557	30625
22437	30462
24816	30682
24125	33913
23540	38082
29391	39358
24846	30254
24572	34908
23625	37959
27705	31886
29730	30177
24099	36961
21369	37749
22609	34031
25281	38974
21015	30683
21852	31727
29569	36542
27540	38141
21053	34070
28027	38919
27202	38797
21475	33982
27892	31828
24545	39482
22582	32899
25922	35463
27025	33904
25054	39445
23065	37684
24159	32496
28661	38016
27378	36123
26727	34894
21401	36159
27813	38996
25431	32146
28983	35020
23023	34538
28050	36511
22602	31548
27246	33111
27714	32681
27476	36265
21252	39419
21481	38187
28607	34898
22995	34396
28666	30472
28587	38334
24586	38892
29258	31500
30054	31955
28934	31302
28300	34296
25734	34906
29528	37149
25125	39011
21655	35135
24368	38794
21462	32078
24082	32897
26812	36382
23476	36009
27671	38588
28650	36956
27743	37541
30076	31927
28127	39195
21727	37277
24876	33853
21255	38276
27938	38236
26092	36460
22058	32536
22409	32637
24593	39489
28412	38325
21917	38226
27510	35424
23991	34054
28379	36931
21153	31425
24323	33025
22113	35366
25435	32674
21262	33182
25103	35935
30011	39630
23601	30671
23525	32088
22249	33322
24014	32808
23966	34355
28567	30548
21873	33169
23837	33333
29818	34381
23794	35574
24385	34060
27634	38003
23152	32711
27407	36055
24197	32408
23166	38937
21848	36181
25598	37895
28828	32007
29461	31028
27940	37181
24723	35335
25420	38576
27649	37203
25258	38394
23093	39420
26496	31689
26921	38164
26152	31231
23294	33773
24168	36188
26356	37616
21465	37346
23316	36033
28548	34683
28244	35714
25780	32886
27351	34705
26599	32299
27413	32290
27457	34642
27456	34629
23821	34430
28509	38842
21713	33270
23012	35672
24497	30390
25016	35105
21269	37326
25055	30845
21828	31827
22884	32740
25995	38943
27472	33032
24641	31182
28811	35759
25680	30618
25007	32016
29312	36895
21887	33867
21305	36451
27002	37786
28493	37975
27314	37059
26055	31109
22837	31509
27664	34146
26870	32123
25129	35331
22495	36742
21818	34008
29386	36077
22146	33470
22324	31412
23442	32526
29452	32201
27269	38520
29778	35615
24709	33776
25070	38909
25413	35378
22414	37431
25268	31657
22882	38419
22537	30752
23775	38708
27074	36264
23989	32710
27110	35859
23497	35591
27256	31977
25563	36860
23678	35636
22607	34247
29670	39415
23664	34186
28099	39594
27765	35579
25354	36952
27655	38234
27644	37300
28645	31554
26591	30847
28260	34546
29635	30348
23106	39388
21072	36268
28688	37260
28251	31069
25609	36722
22900	31146
29541	34912
22170	39348
24708	37595
24912	31925
21433	38801
21125	37662
22662	31449
26288	35208
21644	37422
23360	36880
25284	37419
23049	33129
23434	36445
21811	36390
22892	32684
29739	34004
24748	36723
24152	37573
27595	34198
24050	34657
24520	39477
23308	34734
26135	39114
25477	31446
26299	33602
27617	35663
21998	38314
26502	37411
21730	30265
28725	32792
29433	30981
22938	38578
27000	34516
27507	39264
23677	39323
21959	34925
25569	39121
25733	37078
28895	31943
25483	34578
24299	36990
28458	32736
23595	31629
28302	31458
24521	36695
22186	34049
30119	35417
27169	37288
23472	37650
22722	39545
24802	33076
23714	38591
23477	35954
23481	35765
23598	32544
21373	33811
27785	39207
22912	39198
22279	34398
22674	30420
21237	39230
28774	34967
25573	34844
27132	33029
25511	33128
22835	32837
23362	35885
26248	35778
28450	32160
21934	32595
22212	33868
29626	37055
29162	32876
29825	31635
23117	33464
23536	38759
28523	37216
24489	30886
24806	34175
22563	36693
21627	31064
27099	34066
26126	36527
27846	34169
22898	32113
28894	33051
23094	33517
22528	33068
22634	37699
21927	33509
24033	34986
25460	32567
30065	32577
23994	35856
27544	38924
23602	36568
23871	34164
23513	34830
24249	31802
28375	33694
27667	34249
26770	36089
24496	33876
21977	30197
26033	30384
22094	31683
24076	30169
25444	36375
27924	39406
22781	38338
22082	34472
30010	37240
26773	35406
21391	33826
28203	36085
26645	33282
28242	38200
28392	32699
26672	36524
30060	36493
24334	33578
27480	35686
26652	31766
23399	33373
27772	33644
21333	32603
22517	38790
25824	35924
25791	37918
30061	34500
22052	38191
23817	39517
28104	31420
25327	38265
27344	37799
26861	36271
22392	38303
29845	36249
23363	35068
23039	32387
22388	37150
29131	31224
24687	36768
30150	38323
26731	30650
29081	35429
27866	31843
29708	34091
29966	32145
28028	33656
22059	34798
29930	35262
26225	35833
22317	38375
26242	38043
21136	30873
24650	38384
28756	30884
23455	39605
24012	37530
27026	37623
24994	32852
23599	38407
23494	35046
23015	32321
24260	36908
25414	35974
24081	31230
25218	38073
21214	31651
22276	31144
22445	33682
24170	34069
24961	35280
22767	32584
21343	32968
22945	39328
26461	33718
24317	37544
21672	31959
26901	30228
26383	30753
24695	33531
27880	31496
21668	39131
29214	35543
25277	36176
24654	34468
28693	34225
21210	36910
26259	39401
23487	33475
23554	37287
22814	34740
23258	37386
27982	39019
27858	39375
29779	30531
24397	36282
28326	35243
21218	36991
27939	37838
27219	38278
24177	32758
26200	34781
24882	37994
29135	36859
29896	31092
27732	32614
22606	30227
27942	37022
28299	34298
21507	39638
21012	32871
22547	31535
24483	33941
29199	34702
22706	32034
29891	39652
28664	37928
29531	32718
29923	33130
23185	36673
23788	30740
28426	32023
24866	35246
21753	34107
25313	34343
29321	35078
26257	32406
30143	37814
27291	34520
26040	34267
26230	36562
23547	30727
25888	35437
26630	35356
25666	37158
23647	36288
29099	39587
26030	38833
28749	39183
28740	32242
22815	38021
22971	34981
29344	36106
26188	34372
24960	31432
26804	38841
29513	39149
26142	35798
25027	39405
21679	31872
23990	30509
22905	39075
24475	32428
23579	32771
23038	36607
27180	39501
22273	35412
26540	33514
21372	38711
28694	32003
27508	36019
25419	38275
26465	36383
25558	37156
29918	35738
28022	31470
27847	31098
26934	32916
26929	33478
23421	30649
29847	38751
28051	32858
24763	39382
21141	34559
27475	32305
26916	30281
25875	31363
26885	31640
29733	32770
21771	36232
22539	36656
26010	31920
24128	35045
22126	30415
24396	34778
21601	32665
29976	33314
24106	33260
26025	35763
25319	34811
25585	35277
28025	32589
27895	30707
29013	39262
25736	35433
26818	37787
23720	32030
25084	39208
28278	33232
30025	33374
26558	33066
28758	36823
27588	39497
24372	35964
24774	33986
27670	30986
22368	33325
24413	36841
27108	34819
29313	38869
28247	34973
27688	37289
24672	37954
22377	36320
22677	39028
27292	32690
21838	36950
23122	31091
22223	39590
29469	33783
21707	33214
28704	38412
21617	33061
25575	30439
28817	37179
22917	39176
22769	34079
22323	39255
25376	33223
24346	37932
22306	34449
25480	30379
29653	35493
27428	31687
29906	37942
22593	38206
28931	31005
22387	30665
29935	33402
28674	33874
22091	31314
29552	36270
23927	34914
23860	31569
25486	35616
25702	30306
29016	35688
22443	37745
23698	35096
28166	38194
23997	32947
27133	33100
30006	39003
24161	37921
29749	30470
28213	37089
24573	39553
27722	39563
25929	32351
29581	36015
25526	33739
24660	38363
26984	31630
28062	36332
22707	31864
22404	39428
23342	38843
29405	39260
26882	34098
21275	34039
29269	39651
26223	30633
22013	35708
21958	35194
25394	37904
27286	37599
23857	30993
28536	36712
22919	39513
24221	37223
29705	32111
22108	36143
27782	31076
24934	35244
25523	33395
25535	31180
28014	38952
23509	34453
28677	39166
28012	33902
24348	37003
21418	34564
29546	39414
27680	35081
26738	32583
27272	36400
23462	38451
28698	38914
24296	32836
24510	32483
27501	32621
21612	33400
29205	37893
27458	32250
26261	36326
28441	33080
29319	34494
24646	38880
25550	36341
22111	32151
26264	32923
27842	39274
27463	32908
27126	33160
29158	37666
28186	38765
25628	38621
27013	36070
27941	32306
29488	37261
22150	33426
23218	31188
22401	38548
27422	39550
29226	32379
28695	35863
24551	31587
23266	30596
21636	31639
23793	30690
23118	34187
25908	37710
23451	33706
23414	38669
23253	34835
24245	34826
26588	35148
29460	33964
26600	32475
24430	38820
24592	37670
24811	38553
21916	32215
22686	34174
25022	36721
26927	30253
29938	32558
25215	37679
23962	32433
23292	34228
21571	32600
23639	35517
27606	37643
26190	35770
29572	31892
26750	38785
25755	35749
26895	35684
21701	36606
24890	31394
23284	34797
26053	37039
28105	36148
25788	38322
26166	35596
25422	31744
28149	38664
28449	30393
21174	36393
26940	31556
23200	33994
26612	34521
27208	38888
21741	31341
24332	31129
27408	32226
23076	39245
22214	39137
26217	36489
21845	33595
23620	34487
26255	39607
23051	32935
23395	31740
22472	37639
29329	32429
24453	33888
25060	30867
29133	34037
22619	35735
26749	36889
22454	36192
28613	31690
24968	39363
22459	35188
24302	35323
22073	37793
25686	37740
29048	30557
23025	32308
22597	34977
23629	31832
21340	36430
23353	33414
21515	35382
23101	36944
28019	31468
21906	31577
25977	37834
29285	37217
21408	36189
29965	35936
23713	31866
24889	38083
25618	30263
25805	35745
27849	33875
28060	37915
21538	35138
28885	38599
25913	39557
22463	34405
30098	35656
26068	33832
26005	31074
27568	35488
24653	36630
24739	36291
22973	30634
28499	30897
28583	37401
27584	37900
28346	36930
22887	38679
25768	31417
24758	31559
23957	30828
23019	39552
26118	32565
26682	34222
28284	34094
21669	34397
27763	34357
24182	36356
24728	31073
21126	39038
28227	33835
22963	32386
30157	36530
25188	36364
26542	32491
28486	37515
22902	39162
27311	32357
23520	38341
22910	31381
24422	37052
25874	38655
21416	36248
25621	35444
21878	37908
28918	35041
28074	37371
28961	34329
26547	32870
25807	33164
28651	34095
28624	37192
22145	36073
26246	31539
24591	32574
27909	37558
22896	32516
29470	34905
30130	32025
26290	33882
27911	33869
29224	36578
23348	31228
25594	38331
28115	36036
21755	38116
22174	30638
23060	33447
21228	37772
25328	35681
21323	35957
21793	34399
24632	32091
25777	38372
26343	35845
29242	30962
27090	37426
22183	39430
28514	33037
23270	35834
25148	34937
24441	30189
28501	35754
23729	31617
22029	35730
23827	32878
25914	39492
26447	37642
28172	38013
24790	30749
25046	39069
22358	31110
22950	39236
25623	38382
23672	35494
26077	36296
23760	37163
25209	38017
28860	37536
27047	37513
28605	30529
22711	34847
